variable listc
315
variable vLength
0
   0   -5.839513   0.287136  -13.078729
   3  -15.172817 -33.779442  -13.239410
   6  -12.256178 -61.662739  -12.844229
   9    2.327147 -62.246059  -13.750759
  12    4.893787 -33.312794  -13.552565
  15   -5.164879   0.513266  -13.317038
  18   -4.150141 -45.752056  -15.347254
  21   -2.682137 -58.717262  -14.989429
  24  -13.751489 -30.489985  -15.707087
  27   -9.540806  -8.134476  -14.085706
  30  -10.973605  -5.409458  -13.551455
  33   -9.673373 -39.096024  -12.316388
  36   -1.307680 -22.116179  -14.472242
  39   -6.530373 -59.125446  -14.376787
  42    0.796244 -18.325630  -11.964868
  45    2.706488 -46.807560  -15.488108
  48   -5.968269 -20.461674  -12.745334
  51   -9.895798 -58.149200  -14.876935
  54   -8.784159 -35.530090  -12.398292
  57  -14.635506 -44.668369  -14.408456
  60   -9.310854 -30.557016  -12.090179
  63  -13.067908 -35.975433  -15.896616
  66  -15.072180 -29.105127  -13.225013
  69  -11.954784 -23.640009  -15.262298
  72   -5.159630 -40.212528  -12.421633
  75  -14.546439 -13.819366  -13.717016
  78   -5.464759 -29.255590  -12.084538
  81   -2.236238 -31.592197  -12.275553
  84  -11.863977 -49.750381  -15.624252
  87   -2.220864 -53.071819  -15.264132
  90   -4.050309 -34.559834  -15.338488
  93    1.073704 -59.259155  -15.205246
  96   -7.840809 -26.307438  -14.933182
  99   -3.513821  -7.729763  -14.171529
 102  -14.986364 -24.832729  -14.275787
 105   -4.460930 -15.899441  -12.067698
 108   -4.789321 -12.443321  -14.294487
 111  -14.522228 -21.754951  -14.460188
 114    1.672516 -48.312855  -12.526763
 117  -13.425278 -11.232445  -13.732533
 120    0.616787  -9.438469  -13.813794
 123   -1.054893  -5.033272  -13.678329
 126   -0.525112 -18.633986  -14.158254
 129   -8.471123 -49.516975  -13.016028
 132   -9.901012 -33.428902  -15.658833
 135  -11.848812 -42.990875  -15.711042
 138  -15.233673 -31.654984  -14.257814
 141    4.028413 -39.411972  -13.397142
 144   -1.725052  -8.509853  -14.053484
 147   -9.808859 -12.939922  -14.527475
 150   -8.070592 -57.147976  -12.926192
 153   -4.895308 -50.020039  -12.954270
 156  -13.629990 -54.496059  -13.433735
 159  -11.788799 -28.131334  -15.778185
 162   -1.631765 -15.856746  -11.920645
 165    2.500880 -51.291683  -15.281413
 168   -3.525735 -25.169573  -14.796926
 171   -7.494293  -8.149097  -14.290030
 174  -12.380741  -8.089203  -13.554385
 177   -6.407318  -4.970603  -12.679881
 180   -2.477844 -39.590576  -15.406137
 183  -11.418882 -21.358650  -14.991817
 186   -6.106327 -17.084484  -14.479108
 189   -8.433275 -13.201609  -14.410291
 192    2.089432 -17.616388  -14.024506
 195   -8.162743 -20.925175  -12.640806
 198    1.533670 -41.907867  -12.310503
 201   -6.008919 -50.370136  -12.972726
 204   -7.440887  -0.581911  -13.205077
 207   -7.566868  -8.198009  -12.175761
 210    3.217250 -42.322704  -15.428150
 213   -6.036404  -4.142567  -14.006194
 216   -5.945323 -36.246220  -15.434053
 219   -2.380547 -10.814247  -11.827565
 222   -2.202354 -20.233644  -12.490732
 225   -4.485334 -34.653275  -12.359814
 228    1.972363 -22.059517  -14.554502
 231    0.888398 -29.704605  -15.091552
 234   -1.716785 -44.556843  -13.282271
 237   -9.415170 -43.829220  -12.537406
 240   -8.303444 -53.418800  -12.678936
 243   -1.271141 -49.349525  -12.717760
 246  -14.454170 -17.224787  -14.082296
 249    1.231832 -54.957596  -15.659209
 252    0.491987 -12.409182  -13.984700
 255   -8.672165 -21.396988  -14.698718
 258    3.484774 -25.474529  -14.694312
 261   -4.876468  -2.443184  -13.910765
 264   -0.926601 -32.212784  -15.209915
 267    2.483648 -33.241730  -15.300179
 270   -5.317118 -55.410545  -14.943372
 273  -14.980885 -37.073441  -14.168625
 276  -14.338240 -50.064499  -13.940602
 279    0.988079 -28.177069  -11.727066
 282   -9.152146  -2.692748  -13.401026
 285   -2.547024 -24.962500  -12.249187
 288   -2.796581  -2.175228  -13.480805
 291  -14.668449 -41.479980  -13.699745
 294   -2.707308 -33.089127  -15.265186
 297   -9.751501 -39.390614  -15.632061
 300   -5.485830 -44.164406  -13.181110
 303  -12.742324 -59.528427  -14.358319
 306  -10.398275 -21.301680  -12.476431
 309    3.917840 -30.045797  -14.888707
 312  -11.980289 -14.485721  -14.438338
DATA_COMPLETE
