variable listc
315
variable vLength
0
   0    8.773989  -0.095261    6.466328
   3   -3.514216 -33.142162    7.622015
   6   -0.412320 -64.160896    8.037481
   9   15.335657 -64.399521    7.759809
  12   18.944124 -31.570164    6.810278
  15    9.675858  -3.265652    7.496031
  18    9.071101 -52.627213    8.694681
  21   13.050326 -62.901749    7.444168
  24   -0.680868 -51.881680    9.193675
  27    3.785638 -14.661644    8.285484
  30    2.476701 -11.593619    7.436646
  33    1.811150 -26.258066    5.039303
  36   12.532780 -25.566883    8.671031
  39    6.389607 -61.474052    8.124046
  42   14.009513  -8.575916    6.455981
  45   15.764709 -53.303013    8.020796
  48    6.931400  -8.912212    5.417776
  51   -0.570748 -64.453423    8.066219
  54    2.954376 -21.725079    4.792744
  57   -1.628019 -54.681999    7.952908
  60    2.503082 -19.727024    4.828113
  63   -0.099473 -59.222172    8.848503
  66   -2.647158 -33.141491    8.346802
  69    1.200997 -40.280334    9.307040
  72    6.764618 -26.409603    4.829702
  75   -1.362505 -21.252731    7.561103
  78    7.514519 -16.087608    4.812909
  81   11.646202 -28.057449    5.030547
  84   -0.597094 -64.448120    8.049492
  87   10.854023 -59.965919    7.928577
  90    9.016632 -38.434086    8.868244
  93   14.819364 -64.908592    7.476738
  96    6.225733 -41.505970    8.763687
  99   10.945755 -23.892532    8.730921
 102   -2.497423 -31.360325    8.322604
 105    8.823948  -2.959854    5.952688
 108    9.911926 -27.199520    8.715792
 111   -1.988668 -26.705910    7.917980
 114   13.969109 -37.025604    5.059435
 117    0.023721 -18.424347    7.496992
 120   15.593217 -15.015018    7.262491
 123   13.973539 -11.051199    7.617052
 126   13.444440 -21.673983    8.707483
 129    2.658234 -37.334702    4.929952
 132    3.315120 -52.592907    9.258020
 135   -0.564040 -64.437202    8.034792
 138   -2.972009 -38.081955    7.845136
 141   17.695234 -40.951626    8.024947
 144   13.264519 -10.974682    5.779315
 147    3.594536 -15.458763    8.391490
 150    4.112331 -52.165371    5.306395
 153    7.198015 -39.796417    5.080506
 156   -0.857214 -63.858994    8.192307
 159    1.822806 -45.839386    9.537390
 162   12.044338  -3.765369    6.359956
 165   15.556577 -57.527248    8.312922
 168   10.159253 -27.844166    8.732807
 171    6.729270 -23.437780    8.810659
 174    1.084717 -14.848630    7.224296
 177    7.633026  -5.619526    5.716063
 180   11.686462 -58.642605    8.381765
 183    1.809490 -29.349911    9.151367
 186    7.811413 -31.503561    8.810619
 189    5.660407 -27.949722    8.887678
 192   17.304369 -22.962469    6.458417
 195    5.082931 -22.464153    8.880018
 198   14.593563 -29.276217    5.282804
 201    7.169903 -56.269615    8.278091
 204    6.905982  -5.047473    7.779157
 207    6.674804  -7.172271    5.525280
 210   16.443689 -49.065823    8.038965
 213    8.448538 -17.973539    8.663515
 216    7.801120 -53.960415    8.596606
 219   10.259094  -0.635338    6.445385
 222   11.243739  -6.219654    5.935405
 225    7.705474 -21.510777    4.899282
 228   17.483986 -25.372467    8.131012
 231   14.780685 -31.687815    8.998199
 234   10.915047 -33.523952    5.061234
 237    2.361069 -31.778044    4.756723
 240    3.737976 -43.242481    5.070908
 243   11.983555 -53.290958    8.782454
 246   -1.738088 -25.494135    7.926033
 249   14.543784 -62.309296    8.136678
 252   15.705654 -21.360081    8.613647
 255    5.404749 -35.804314    9.013144
 258   18.109076 -29.288319    7.998011
 261   10.006896  -6.292149    7.911481
 264   12.453671 -38.536301    8.957462
 267   17.117107 -40.196838    8.538080
 270    7.355366 -61.304512    7.936711
 273   -2.780949 -41.700909    7.991104
 276   -1.195217 -58.653698    8.200689
 279   15.005523 -21.982159    5.464048
 282    4.261137  -8.433070    7.657440
 285   10.522869 -12.035576    5.440599
 288   12.452296  -6.761305    7.347169
 291   -2.318942 -47.636646    8.046158
 294   11.892162 -53.055256    8.781040
 297    2.934906 -60.373840    8.308261
 300    6.822643 -32.556190    5.075543
 303   -0.703029 -64.424118    8.113633
 306    1.862911 -17.467493    8.007824
 309   18.373611 -33.935574    6.558545
 312    1.660275 -23.431034    9.091808
DATA_COMPLETE
