variable listc
315
variable vLength
0
   0   -4.970886 -13.857725   -1.203814
   3  -16.824099 -50.309513   -0.641847
   6  -13.000481 -67.260895   -0.569441
   9    1.656693 -68.917801   -2.952910
  12    5.352879 -42.534851   -1.827237
  15   -5.255207 -17.180199   -2.248138
  18   -5.880632 -61.345879   -2.501796
  21   -3.508596 -67.207489   -2.608973
  24  -14.164599 -64.367142   -1.467321
  27  -11.695969 -29.920145   -2.675514
  30  -12.295135 -27.077749   -2.428421
  33   -8.818748 -41.589298    0.452167
  36   -2.169739 -38.566551   -3.308916
  39   -7.692029 -66.671707   -2.206035
  42    1.841585 -23.184063   -1.406169
  45    0.211107 -60.863060   -3.589845
  48   -4.069448 -24.295794   -0.243519
  51  -12.683512 -68.006401   -0.694087
  54   -7.350991 -37.321918    0.256773
  57  -14.272463 -64.298065   -1.408280
  60   -8.989322 -35.856953    0.454437
  63  -14.292508 -67.174294   -0.756446
  66  -16.204817 -49.659939   -1.528671
  69  -13.592848 -54.606701   -2.489780
  72   -3.894016 -39.859909   -0.028442
  75  -15.840918 -37.751774   -1.979105
  78   -2.851632 -30.988466    0.100250
  81   -1.525239 -41.030254   -0.134349
  84  -13.355577 -67.806297   -0.699203
  87   -4.294083 -66.420738   -2.744289
  90   -5.685819 -50.788628   -2.792289
  93    0.918861 -69.012047   -3.125516
  96  -11.099674 -55.191143   -3.149496
  99   -7.175280 -36.688568   -3.371797
 102  -15.957808 -48.108528   -1.763952
 105   -2.449310 -19.168102   -0.753745
 108   -7.893223 -40.928768   -3.156079
 111  -15.825307 -43.025940   -1.954923
 114    2.231163 -46.729706   -0.470486
 117  -14.425000 -34.370911   -2.386218
 120    0.212236 -28.024773   -2.879385
 123   -1.738445 -24.242443   -2.678206
 126   -1.207552 -34.738739   -3.340716
 129   -7.216118 -48.484455   -0.002483
 132  -11.912086 -63.459740   -2.425690
 135  -13.921773 -67.533310   -0.728241
 138  -16.150414 -54.429321   -1.266558
 141    2.904697 -50.691143   -3.333464
 144   -1.448021 -24.172630   -2.674608
 147  -10.561157 -30.846964   -2.655344
 150   -7.493910 -58.356915   -0.362486
 153   -2.765815 -49.085289    0.083885
 156  -14.179309 -67.325142   -0.754618
 159  -12.800967 -59.589294   -2.488702
 162   -1.026478 -18.509245   -1.261726
 165    0.370266 -64.422455   -3.618186
 168   -4.454023 -41.525108   -3.137038
 171  -11.110977 -37.665493   -3.417776
 174  -13.776095 -30.381027   -2.603895
 177   -6.169827 -20.123957   -2.406329
 180   -7.307737 -66.178169   -2.464246
 183  -12.991915 -44.982533   -2.965573
 186  -10.061207 -45.303879   -3.247042
 189  -11.875889 -41.902725   -3.271404
 192    1.267973 -35.256088   -3.497043
 195   -9.129730 -37.786762   -3.304595
 198    2.388365 -41.024902   -0.420914
 201   -7.160810 -63.542419   -2.371610
 204   -8.129505 -19.316124   -2.368568
 207   -6.620943 -21.755432   -0.139127
 210    0.716217 -57.704979   -3.590821
 213   -8.541113 -32.427471   -2.994811
 216  -10.404118 -63.172646   -2.780097
 219   -2.061352 -15.604577   -1.565726
 222   -0.914120 -21.850229   -0.734571
 225   -2.784106 -35.986546   -0.057671
 228    1.449692 -37.763203   -3.501687
 231    0.538958 -43.807964   -3.389387
 234   -0.141667 -45.121510    0.038595
 237   -7.975487 -45.284832    0.347177
 240   -6.937372 -52.336140   -0.209600
 243   -2.119341 -61.002506   -3.040261
 246  -15.955113 -42.255688   -1.847441
 249   -0.343260 -67.852310   -3.431303
 252   -0.760267 -34.451706   -3.365225
 255  -11.397743 -49.675743   -3.304970
 258    2.222494 -40.967445   -3.449760
 261   -5.167404 -20.194584   -2.412952
 264   -2.525393 -50.115330   -3.005105
 267    1.483175 -50.187061   -3.575678
 270   -7.286899 -66.485062   -2.344132
 273  -15.874998 -56.000336   -1.263438
 276  -14.883151 -65.548218   -0.836278
 279    1.895645 -34.851299   -0.406021
 282  -10.438896 -23.440590   -2.425567
 285   -0.846826 -26.415886   -0.172551
 288   -2.699892 -20.143387   -2.511453
 291  -15.566926 -60.044788   -1.216630
 294   -6.771173 -62.943806   -2.415687
 297  -13.803301 -67.311623   -0.822408
 300   -3.587599 -44.838371    0.007215
 303  -13.355577 -67.806297   -0.699203
 306  -10.441494 -33.710907    0.723253
 309    2.716953 -44.946995   -3.506585
 312  -13.362679 -38.668442   -2.969514
DATA_COMPLETE
