variable listc
3015
variable vLength
0
   0  -11.445595 -13.668428   -5.507114
   3  -21.267029 -45.194046   -4.170969
   6  -19.084488 -64.836914   -4.267828
   9   -3.685437 -65.443161   -4.027649
  12   -0.267413 -41.071457   -6.060256
  15   -8.670941 -58.795303   -6.176217
  18  -15.556652 -22.045637   -4.274731
  21  -12.690714 -48.516228   -6.876534
  24   -9.924188 -35.882744   -7.305631
  27   -9.541102 -45.677151   -3.571071
  30   -1.044074 -31.037046   -6.131729
  33  -18.999907 -36.624111   -3.465955
  36  -20.909149 -43.246735   -4.167961
  39  -10.373657 -50.093822   -6.816054
  42  -20.435652 -38.278484   -3.835432
  45  -16.900095 -41.528446   -3.092393
  48   -0.148019 -42.659382   -5.534174
  51   -1.743657 -43.278526   -6.436524
  54  -17.350243 -43.221699   -3.095805
  57  -11.129060 -36.489231   -7.298580
  60   -9.085520 -24.260450   -7.421247
  63  -15.698194 -51.506592   -6.898706
  66  -13.976783 -62.061630   -3.771925
  69   -4.458048 -44.617294   -3.508770
  72   -3.579497 -47.429619   -7.031472
  75  -20.572699 -55.101238   -5.456492
  78  -20.868696 -56.878960   -4.624849
  81   -2.766924 -61.204845   -4.216134
  84  -19.212597 -45.786659   -7.080388
  87  -12.974550 -34.551792   -3.675570
  90   -1.857535 -55.551609   -4.218197
  93  -10.169620 -62.778004   -4.259135
  96   -8.605344 -56.557377   -6.499517
  99   -8.511315 -62.338097   -4.079329
 102  -12.892673 -55.792366   -6.273114
 105   -6.009473 -18.965591   -6.374837
 108  -13.472397 -15.549980   -5.412593
 111   -9.413712 -18.282698   -6.718157
 114   -0.059670 -37.640999   -5.879193
 117  -16.412022 -25.394115   -7.138088
 120  -15.225439 -42.986691   -7.153649
 123  -15.991564 -53.441353   -3.025769
 126  -15.371050 -27.332321   -3.719322
 129   -1.604805 -28.851938   -5.976072
 132  -17.921932 -31.575117   -7.248272
 135   -2.105081 -42.872997   -3.962415
 138  -20.561626 -53.515095   -4.198823
 141   -7.565386 -24.923252   -4.497492
 144  -20.046146 -60.050476   -4.192165
 147   -1.795369 -49.635727   -4.219740
 150  -19.681250 -27.967430   -4.745543
 153  -14.460549 -61.052910   -3.776707
 156  -13.481655 -54.301208   -3.339660
 159  -14.641814 -28.202562   -7.176993
 162  -14.250234 -53.273685   -6.640335
 165   -5.483407 -63.900925   -4.239520
 168  -19.950134 -58.426895   -5.618217
 171  -12.317204 -46.816605   -3.478881
 174  -13.543306 -53.128189   -3.319792
 177  -10.441494 -52.381668   -3.536594
 180   -6.024365 -18.000124   -5.494213
 183  -12.224047 -47.985901   -3.416110
 186  -15.580416 -37.779644   -7.161122
 189  -10.079242 -41.916401   -3.675701
 192  -16.147915 -34.396599   -3.164522
 195  -11.315551 -21.533745   -4.583155
 198  -18.020329 -42.391781   -7.376984
 201   -4.567328 -60.739029   -3.646311
 204  -16.798355 -43.415665   -7.260572
 207  -10.105390 -47.364727   -6.947392
 210   -9.327435 -59.633114   -5.884438
 213   -4.973704 -50.351845   -3.484748
 216  -13.562235 -19.614611   -6.918387
 219   -8.437827 -26.127739   -4.449602
 222   -0.942342 -53.203094   -5.039700
 225  -15.782933 -54.823166   -3.045265
 228   -7.801869 -30.059471   -7.639374
 231   -5.921720 -62.838066   -3.881301
 234  -13.133183 -17.751677   -5.118686
 237  -12.333199 -29.593369   -7.359499
 240   -6.282322 -59.082359   -6.603716
 243   -0.877682 -51.207779   -5.237876
 246  -14.702947 -25.007200   -7.287361
 249  -20.764408 -36.567493   -3.992496
 252  -21.083803 -48.900967   -4.168756
 255   -3.396174 -44.384933   -7.068421
 258   -0.162631 -40.962097   -6.067896
 261   -3.579989 -23.926352   -4.940627
 264  -19.215925 -39.376701   -3.404159
 267  -20.923708 -35.009766   -4.193829
 270   -8.905149 -31.114359   -4.169209
 273   -6.372588 -22.158297   -7.095185
 276   -9.767818 -35.846272   -3.918386
 279   -8.154109 -16.900042   -5.286584
 282   -6.154309 -53.086040   -7.111013
 285   -3.173636 -36.062485   -3.789798
 288  -11.302697 -53.171402   -3.509962
 291  -16.982595 -37.299217   -7.250673
 294  -12.382447 -41.413128   -3.559621
 297  -10.490269 -24.581692   -7.380983
 300  -15.734062 -18.848392   -5.323540
 303  -12.521643 -62.039871   -3.952928
 306   -5.786314 -55.017376   -3.715837
 309   -7.975337 -34.183411   -7.566462
 312   -6.141445 -62.276546   -6.090466
 315  -17.871014 -60.475868   -3.558283
 318  -16.778082 -56.039867   -6.589069
 321  -11.286181 -54.379517   -3.573838
 324  -10.749322 -60.296947   -3.948967
 327  -18.847847 -63.858067   -4.178924
 330  -19.498669 -62.484665   -4.217463
 333   -3.489338 -64.327171   -3.936746
 336  -15.756517 -50.883080   -3.113198
 339   -2.285762 -37.550346   -4.056419
 342   -5.384582 -48.454601   -7.224270
 345  -12.408865 -54.529415   -3.488876
 348  -19.533344 -28.206484   -4.555815
 351   -2.758529 -50.872185   -6.392491
 354  -20.643745 -41.488632   -6.743557
 357  -16.872864 -23.449806   -6.887808
 360   -3.296371 -60.051208   -3.869673
 363  -17.862516 -28.361807   -7.124866
 366   -4.024903 -36.285892   -7.620960
 369  -11.225515 -62.556099   -4.141315
 372  -13.960979 -48.589149   -3.383032
 375   -4.889379 -23.829121   -4.546844
 378  -16.231367 -31.795057   -7.362202
 381  -16.949545 -26.613708   -3.806839
 384  -11.502161 -59.084854   -3.840950
 387  -11.220630 -27.201756   -7.440377
 390  -12.194469 -45.398922   -3.551675
 393   -8.807265 -61.428814   -5.726802
 396  -11.114867 -47.769409   -3.448483
 399  -20.764206 -51.204655   -4.050753
 402   -7.719080 -53.662411   -6.793585
 405  -21.106850 -39.226082   -4.071937
 408  -16.030117 -57.371925   -3.151679
 411  -13.207319 -51.946609   -3.362296
 414   -2.556609 -48.660133   -3.863592
 417   -5.518241 -19.922541   -5.262240
 420   -7.172732 -28.128300   -7.603848
 423  -10.331921 -14.458359   -5.283420
 426  -20.835020 -51.363338   -4.101361
 429   -1.789975 -44.092758   -4.111364
 432  -13.553364 -20.471149   -4.532260
 435  -19.510857 -27.294182   -4.744868
 438  -11.359262 -23.100691   -7.437384
 441   -3.864611 -43.224564   -7.139904
 444  -14.698709 -52.421528   -3.185816
 447   -6.784650 -48.576126   -3.424295
 450  -18.386150 -26.816843   -6.854681
 453   -8.227905 -22.518490   -7.306079
 456   -4.133726 -37.726704   -3.652346
 459  -14.703805 -18.700348   -5.117369
 462   -4.444676 -63.052261   -6.088257
 465  -12.617741 -37.058849   -3.654714
 468   -3.854755 -27.951061   -6.966246
 471  -14.335675 -55.878094   -6.162589
 474   -8.550725 -47.612740   -3.495886
 477   -8.868117 -28.833338   -7.581554
 480  -18.332052 -64.401451   -4.270666
 483   -6.743904 -56.245712   -3.835340
 486   -9.195183 -42.916992   -3.661921
 489   -4.877101 -57.399220   -3.750117
 492   -2.126559 -54.091827   -4.101192
 495    0.040654 -43.563560   -5.424987
 498  -10.815939 -34.676750   -3.932299
 501  -17.165049 -48.920406   -3.139551
 504   -4.384067 -64.231712   -4.014337
 507  -17.129667 -63.564342   -4.331562
 510  -12.946230 -60.272507   -5.605886
 513  -13.441837 -57.173576   -3.480332
 516  -21.010860 -38.275188   -4.083858
 519   -2.389454 -41.821198   -6.859847
 522   -3.649169 -47.863655   -3.608313
 525   -0.102871 -46.539440   -5.351654
 528   -3.199493 -65.141693   -4.108090
 531  -16.732386 -28.081812   -3.471382
 534  -14.681649 -19.683062   -4.843662
 537   -7.126265 -62.172089   -3.929669
 540   -0.098335 -40.868660   -5.105324
 543  -10.552457 -43.522305   -3.648867
 546   -1.776586 -46.494698   -6.349031
 549   -6.364495 -18.975517   -5.158092
 552  -11.079894 -34.479259   -7.253513
 555  -10.029432 -58.398556   -5.995869
 558  -12.915098 -49.358276   -3.461445
 561  -15.148492 -23.362732   -4.030149
 564  -20.148899 -59.789547   -4.341876
 567  -13.552667 -39.835278   -7.100250
 570   -4.953465 -21.322369   -4.987276
 573   -0.519757 -34.368782   -5.837796
 576   -2.055310 -36.008415   -6.946651
 579  -19.942904 -61.510166   -4.359195
 582   -3.543805 -63.340202   -3.944726
 585  -18.864021 -59.402012   -6.010012
 588   -8.434582 -62.491951   -4.088624
 591  -15.208694 -26.041166   -3.901901
 594   -6.222410 -60.886604   -3.830206
 597  -18.879648 -26.051588   -4.891084
 600   -8.871345 -57.713371   -6.319633
 603   -2.015676 -47.945599   -6.337387
 606  -19.720621 -64.418396   -4.390747
 609  -17.448296 -54.544575   -3.144751
 612   -2.628452 -26.895615   -5.152977
 615   -0.570502 -49.307274   -5.193461
 618   -3.455393 -65.515511   -4.044902
 621  -20.411280 -52.231255   -4.009693
 624   -1.120902 -42.593731   -4.473699
 627  -16.288200 -52.441105   -3.020327
 630  -18.466824 -32.176708   -3.756778
 633  -15.429342 -23.887203   -7.138778
 636   -7.844894 -59.771004   -6.213114
 639   -7.298329 -59.866306   -3.899000
 642  -13.106803 -44.428223   -3.531103
 645  -20.428654 -58.758858   -4.570390
 648   -0.838633 -47.485882   -4.638523
 651  -11.205410 -23.085964   -4.469545
 654   -9.539762 -44.320473   -3.638473
 657  -14.568345 -57.192394   -6.000452
 660  -12.797414 -27.025648   -4.031809
 663  -17.898634 -55.183125   -6.711701
 666   -5.140301 -56.117813   -3.762679
 669   -8.575436 -27.023829   -7.661293
 672   -3.774271 -26.656929   -4.595605
 675   -1.490234 -50.823368   -4.430592
 678  -11.746935 -13.879828   -5.536164
 681  -10.196589 -48.759174   -6.876950
 684   -6.014159 -46.234585   -3.487993
 687   -6.711725 -49.506443   -7.075557
 690  -13.349827 -45.833652   -3.491785
 693   -8.701918 -40.150105   -3.706048
 696   -2.050660 -60.204838   -4.426103
 699  -18.243809 -40.213825   -7.344011
 702  -15.899255 -60.137821   -6.478805
 705  -12.149958 -23.958860   -4.342618
 708   -8.784803 -40.373318   -7.015996
 711  -14.081840 -63.013298   -4.158120
 714   -1.918533 -39.895897   -6.754461
 717   -4.605891 -54.826351   -3.578300
 720  -12.495582 -22.547421   -4.370405
 723   -9.476606 -34.104233   -4.021228
 726  -10.960082 -29.265011   -7.386050
 729   -3.155113 -27.976595   -4.561379
 732  -14.383836 -50.651157   -6.838397
 735  -13.361181 -38.678581   -3.470103
 738  -12.078417 -52.035709   -3.442281
 741   -9.102148 -55.421799   -6.546954
 744   -2.505136 -52.367496   -6.137878
 747  -10.477492 -43.430382   -7.048654
 750   -6.412397 -61.202488   -6.331142
 753   -8.572442 -35.600224   -7.356808
 756   -0.594356 -34.430981   -5.032644
 759  -17.076580 -55.926090   -3.149579
 762  -13.936192 -37.918709   -7.159058
 765  -15.947109 -33.935776   -7.291444
 768   -6.209700 -40.022873   -3.658161
 771   -3.575741 -22.376051   -6.202413
 774  -20.804380 -52.653721   -4.277595
 777  -10.970564 -24.761971   -4.437852
 780   -7.605918 -23.706528   -7.287119
 783   -6.747411 -26.481262   -4.439952
 786  -20.134584 -48.775036   -6.529920
 789  -12.322195 -61.519833   -5.549455
 792   -8.330006 -56.115124   -3.843139
 795  -20.007994 -60.756767   -4.229806
 798  -13.403946 -60.816574   -3.822390
 801   -5.956856 -58.682365   -3.810849
 804  -17.874142 -25.305084   -6.909098
 807  -13.442283 -50.815472   -3.338159
 810   -2.726510 -29.516441   -4.628198
 813   -4.965633 -40.713089   -7.276512
 816  -21.039848 -48.060989   -4.100476
 819  -19.571079 -39.725788   -7.262275
 822  -17.187870 -38.848804   -3.101386
 825   -1.055527 -29.834028   -5.444458
 828   -8.031120 -48.880459   -3.483710
 831   -8.306049 -17.625473   -5.072155
 834   -1.009955 -54.175865   -5.035448
 837  -16.234343 -54.505405   -6.620440
 840  -13.413336 -47.424503   -3.401207
 843  -20.823481 -54.697392   -4.431372
 846   -3.776037 -29.583792   -7.172150
 849  -11.946980 -44.014435   -3.597505
 852   -7.288688 -40.946396   -3.668037
 855   -1.801258 -30.412466   -4.999684
 858   -4.673057 -31.096109   -4.200450
 861   -8.495358 -51.493969   -6.836003
 864  -16.921574 -50.796783   -7.041667
 867  -20.543365 -47.764763   -6.338644
 870  -12.513739 -53.246773   -3.422070
 873  -12.303416 -21.063416   -4.559463
 876  -10.077602 -48.031574   -3.465371
 879  -21.011631 -36.332123   -4.106955
 882   -7.884679 -60.651020   -6.072886
 885  -15.131844 -30.222885   -3.552166
 888  -20.527843 -57.606754   -4.687576
 891   -8.049026 -33.348167   -4.049115
 894  -11.895668 -55.568386   -3.547904
 897   -7.945762 -42.320545   -3.666235
 900   -6.219522 -63.397335   -5.775524
 903   -1.321188 -41.030289   -4.405420
 906   -0.235302 -35.496582   -5.822296
 909  -16.616713 -40.047535   -3.167717
 912  -12.180664 -32.597729   -3.881983
 915   -5.733912 -22.348545   -4.570657
 918  -14.357425 -43.312840   -3.424932
 921  -20.042917 -29.507915   -4.574474
 924  -15.093554 -58.564690   -6.149914
 927  -12.394608 -50.704014   -3.424773
 930  -16.041014 -43.485222   -3.200380
 933   -1.317832 -56.521458   -4.774705
 936  -21.006905 -41.849709   -4.086618
 939  -19.220924 -47.325153   -3.467179
 942   -2.627858 -62.183559   -4.365682
 945   -7.823161 -51.408695   -3.479242
 948   -7.610309 -31.989353   -4.130656
 951  -15.471922 -30.075590   -7.354304
 954   -2.859876 -58.074112   -4.032348
 957   -9.845346 -23.279007   -4.494908
 960  -13.915812 -61.601612   -3.813495
 963   -2.078458 -34.107002   -6.775559
 966  -20.499542 -31.794149   -4.620910
 969  -16.973501 -47.716259   -7.086964
 972   -3.550538 -45.244781   -3.552430
 975   -9.734192 -55.871254   -3.751688
 978   -9.732086 -30.166950   -7.482384
 981  -17.100027 -49.184311   -7.096505
 984  -10.639883 -49.232788   -3.470933
 987   -7.968750 -61.035252   -3.976578
 990   -2.830927 -64.329079   -4.272373
 993   -9.409758 -32.465752   -4.077862
 996   -3.960307 -34.506371   -7.563087
 999  -18.633375 -40.762211   -3.267803
1002  -10.071817 -21.694479   -4.611483
1005   -3.213297 -54.131966   -3.676843
1008   -7.269336 -35.476349   -7.497449
1011  -12.673505 -20.286184   -7.065482
1014   -2.192768 -36.118805   -4.165627
1017   -9.677333 -34.288109   -7.321026
1020   -5.330483 -47.055248   -7.201605
1023  -15.671174 -55.573914   -6.344293
1026  -12.910979 -63.126366   -4.139897
1029   -1.819413 -31.801178   -4.817516
1032  -20.609177 -49.284344   -3.946198
1035   -3.424022 -32.811733   -7.174690
1038   -6.497742 -45.958286   -7.131700
1041  -12.533709 -36.814278   -7.248200
1044  -15.371902 -31.582638   -3.418962
1047  -20.812750 -53.699905   -4.359409
1050  -12.894660 -28.133072   -7.237143
1053   -6.960716 -55.836872   -6.717646
1056  -14.036821 -30.033419   -3.760232
1059  -19.765968 -63.081795   -4.399662
1062  -13.893112 -59.795368   -3.722739
1065  -17.418306 -45.103390   -7.315838
1068   -0.702036 -41.601978   -4.768476
1071  -13.591677 -23.644987   -4.171073
1074  -19.383663 -63.341099   -4.210022
1077   -6.772718 -52.485214   -3.503289
1080  -16.312901 -46.299515   -7.122425
1083  -15.526320 -48.471710   -6.986089
1086   -2.426913 -32.659683   -4.475347
1089   -7.482296 -57.082584   -6.569822
1092   -6.714020 -47.777645   -7.064528
1095   -8.406103 -36.339237   -3.917508
1098   -3.076062 -24.716127   -6.165166
1101   -5.818354 -25.294630   -4.421983
1104  -15.201906 -18.058540   -5.359835
1107   -2.628729 -50.807201   -3.994093
1110   -3.632293 -55.414318   -3.704452
1113  -19.897425 -29.125330   -4.621279
1116   -1.438462 -39.837048   -4.404608
1119  -20.626884 -56.862656   -4.463333
1122  -18.841228 -50.605846   -6.943085
1125   -6.378210 -57.486259   -3.826012
1128  -20.785112 -45.600147   -4.066219
1131  -11.906754 -18.700254   -6.921315
1134   -7.266531 -20.075283   -4.799056
1137  -19.915585 -50.144932   -6.385318
1140   -0.217799 -38.103836   -5.207495
1143   -5.917469 -39.588306   -7.233506
1146  -14.379223 -56.429714   -3.262923
1149   -6.632621 -54.508114   -6.882964
1152  -11.383798 -18.377159   -4.844357
1155  -11.721077 -14.972525   -5.324533
1158  -18.925879 -56.350327   -6.435179
1161   -1.329871 -55.440838   -5.384747
1164  -10.676133 -59.857742   -5.506235
1167  -15.226434 -38.587025   -3.334496
1170  -18.913752 -32.619534   -7.046959
1173   -7.171366 -16.577526   -5.544867
1176   -5.761201 -31.031357   -7.588710
1179  -11.013823 -38.205399   -7.155093
1182  -15.530097 -50.004139   -6.957885
1185   -6.921324 -44.267834   -3.604708
1188  -13.520333 -18.976429   -4.849906
1191  -15.697907 -57.533504   -6.324177
1194   -3.733808 -48.914726   -6.903255
1197   -0.873317 -40.139828   -4.605119
1200   -4.028279 -22.729313   -4.976912
1203   -1.274919 -35.051220   -4.647481
1206  -17.497236 -33.628853   -3.356071
1209  -16.194923 -37.245216   -3.171164
1212  -19.286116 -61.383045   -5.545743
1215   -9.148073 -60.194004   -3.975407
1218   -4.780204 -20.674482   -6.228264
1221   -8.920652 -21.285381   -7.187255
1224  -13.589499 -42.742870   -7.080294
1227   -7.440449 -50.949959   -6.945387
1230   -3.041946 -43.949501   -3.602758
1233   -1.312399 -53.512909   -4.619136
1236  -15.244426 -47.200230   -6.975676
1239  -14.816372 -40.213230   -3.317573
1242  -18.386240 -59.799896   -3.546250
1245  -14.133135 -48.055695   -6.938384
1248   -7.882065 -41.733402   -7.093131
1251  -14.767523 -51.249638   -3.182746
1254  -16.178865 -41.697819   -7.253030
1257  -18.784479 -29.645401   -7.025131
1260   -0.862312 -32.077278   -6.206515
1263   -3.661063 -57.702259   -3.808695
1266  -11.127645 -62.112778   -4.090497
1269  -12.029495 -63.188358   -4.153195
1272   -5.726246 -44.836292   -3.550038
1275   -3.005397 -25.385395   -5.044347
1278  -19.622841 -47.070068   -6.826470
1281   -4.593195 -28.070833   -4.326068
1284  -20.248404 -54.560551   -3.945140
1287   -6.023534 -41.675713   -3.594985
1290  -20.929914 -44.521973   -4.066122
1293   -2.404611 -38.320381   -3.982024
1296  -12.751513 -53.444096   -6.568758
1299  -19.392447 -57.348099   -6.162305
1302  -11.943254 -51.481800   -6.721159
1305   -5.085656 -19.604616   -6.098471
1308   -1.470423 -36.504669   -4.543924
1311   -4.358043 -65.410233   -4.371499
1314  -14.859069 -57.796841   -3.331319
1317   -9.997240 -25.930733   -7.417799
1320  -18.825254 -25.117584   -5.042561
1323   -5.663220 -51.761356   -3.430213
1326  -17.697435 -54.099121   -6.823861
1329  -11.561224 -26.652233   -4.189218
1332   -8.019526 -57.331371   -3.892121
1335   -0.236489 -47.510361   -5.225004
1338  -20.307856 -56.428543   -5.737119
1341   -8.399660 -25.404066   -7.448348
1344   -3.044481 -53.074722   -3.814080
1347  -20.597216 -50.863209   -5.799112
1350  -10.414196 -33.023869   -7.443499
1353  -18.599398 -48.161263   -7.075789
1356  -12.476780 -38.640247   -7.120161
1359  -15.865852 -44.727146   -3.313837
1362   -9.607159 -24.925505   -4.490631
1365  -20.894419 -45.321922   -4.065809
1368   -2.355039 -25.659668   -5.962363
1371   -1.647769 -44.942379   -6.368979
1374  -20.736748 -37.792648   -3.968904
1377  -20.313919 -44.796482   -6.663750
1380  -10.409055 -38.447647   -3.723407
1383   -0.902643 -52.296509   -5.256161
1386  -18.692339 -24.733625   -4.990123
1389   -8.459118 -50.152935   -6.861407
1392  -19.101299 -45.967510   -3.462228
1395   -0.901785 -33.195370   -5.055972
1398   -6.858834 -32.726425   -7.663443
1401   -5.906952 -31.522215   -4.123902
1404  -12.234612 -54.696117   -6.464622
1407  -10.444541 -17.078192   -4.914874
1410   -0.326752 -32.960598   -5.576725
1413  -15.586977 -59.991547   -3.689668
1416   -1.971205 -26.731304   -6.152403
1419  -16.752855 -22.886040   -4.432071
1422  -19.935686 -59.213692   -4.194482
1425  -18.256275 -28.784170   -3.707907
1428   -6.584046 -24.891571   -7.246173
1431   -4.627178 -64.425537   -4.121494
1434  -15.806808 -49.496716   -3.189700
1437  -11.958129 -17.031599   -4.997599
1440  -21.139647 -40.581013   -4.023679
1443   -2.859813 -46.066437   -3.755599
1446  -11.564378 -40.027458   -7.041043
1449  -17.382778 -56.963432   -3.314547
1452   -4.423687 -60.765717   -6.371018
1455   -7.154847 -52.097359   -6.971415
1458   -3.599580 -61.270283   -3.928799
1461  -10.715819 -28.203787   -4.146419
1464  -15.476918 -26.941738   -7.215944
1467  -15.596992 -63.245407   -4.262547
1470   -7.181794 -47.334896   -3.466640
1473   -9.419781 -49.041401   -3.474851
1476  -20.329203 -46.355770   -6.542197
1479  -18.432280 -23.565876   -4.940704
1482   -6.651794 -63.600040   -4.345726
1485  -17.487106 -22.089922   -6.550387
1488   -9.595582 -56.973812   -3.842419
1491  -12.810847 -62.654278   -3.973341
1494  -19.876423 -60.466385   -4.087917
1497   -0.785340 -37.413490   -4.836034
1500  -21.406624 -42.305496   -4.331704
1503  -19.038038 -52.670856   -3.508959
1506  -13.120545 -50.935246   -6.759816
1509  -13.469154 -40.390396   -3.418544
1512  -15.094319 -20.867346   -4.535273
1515  -16.779076 -58.995888   -3.341602
1518  -18.035408 -53.219704   -6.918204
1521   -3.173693 -62.432423   -4.119846
1524  -20.491232 -55.682163   -4.333520
1527   -5.725782 -43.290962   -3.547977
1530   -7.554348 -53.900803   -3.667950
1533   -7.858389 -36.996029   -7.339570
1536   -5.833159 -49.557980   -3.457752
1539   -2.082838 -28.591928   -4.944631
1542   -2.542030 -45.093021   -3.746488
1545  -20.700075 -33.516289   -4.453058
1548  -11.341166 -44.749428   -7.011700
1551  -12.235184 -57.795799   -3.719647
1554  -11.251411 -55.369335   -6.421610
1557  -20.828817 -34.856987   -4.197687
1560   -5.419546 -64.508415   -4.678189
1563   -5.148566 -39.081772   -3.625186
1566  -15.588197 -22.377886   -6.958423
1569   -8.845938 -38.597622   -3.737930
1572  -10.859016 -51.342300   -3.501087
1575    0.000000   0.000000    0.000000
1578  -14.278201 -31.371420   -7.396467
1581  -11.706053 -31.513096   -3.992652
1584  -13.586813 -54.416065   -6.472039
1587  -21.020271 -43.107624   -4.236932
1590  -13.225584 -55.656124   -3.408860
1593  -18.159227 -61.690384   -3.895140
1596  -18.378748 -62.432487   -5.584784
1599  -13.235565 -33.065834   -7.244016
1602  -12.731598 -59.278896   -3.737662
1605  -19.760832 -33.521095   -6.875355
1608  -20.993933 -46.616310   -4.184225
1611   -2.616085 -54.882267   -6.210886
1614   -5.056291 -55.133881   -6.947989
1617  -19.689047 -55.443127   -6.173440
1620   -3.770324 -39.145279   -7.423099
1623  -20.617224 -58.028034   -4.770778
1626   -9.715511 -46.880894   -3.503772
1629   -9.779161 -63.374352   -4.465420
1632   -3.637339 -56.578930   -3.805606
1635  -18.672398 -49.866756   -3.383991
1638   -9.162051 -58.091305   -3.912677
1641   -7.555035 -39.309715   -3.714792
1644  -13.848140 -26.802784   -7.210489
1647   -5.634772 -29.742924   -4.265164
1650   -6.117464 -50.728336   -7.145937
1653   -2.764957 -63.162029   -4.331165
1656  -19.813261 -51.516483   -6.309540
1659  -12.675747 -41.138084   -7.116949
1662  -10.892764 -41.156300   -3.650361
1665  -12.990896 -22.088631   -7.232470
1668  -15.717901 -63.138992   -4.200397
1671   -9.479165 -19.961308   -7.107433
1674  -14.422428 -44.259468   -7.125350
1677   -4.328694 -61.859310   -6.264167
1680  -19.377848 -35.305290   -7.149747
1683  -16.736042 -29.808058   -3.445721
1686   -8.385036 -38.813850   -7.152492
1689   -6.592159 -64.003334   -4.649380
1692   -6.517818 -38.393917   -3.723415
1695  -18.485815 -36.615089   -7.420125
1698  -15.216840 -36.049747   -3.213554
1701   -4.275183 -49.272625   -3.618976
1704  -12.354218 -26.412964   -7.372886
1707  -12.192165 -14.939931   -5.402966
1710  -11.510113 -49.283047   -6.871159
1713   -1.698054 -38.838768   -4.338146
1716   -8.295097 -20.687613   -4.678460
1719  -14.489808 -28.500443   -3.734446
1722  -18.088667 -53.396080   -3.284189
1725   -0.609860 -48.385147   -5.306493
1728   -0.773246 -38.868191   -4.844532
1731   -1.747251 -47.041309   -4.199248
1734   -9.394433 -27.901539   -4.244929
1737   -3.918546 -34.716393   -3.788670
1740  -11.003970 -57.452305   -6.073583
1743  -19.364885 -65.005562   -4.295861
1746   -3.050931 -30.819784   -4.479631
1749  -18.979485 -57.419495   -3.723870
1752  -16.558313 -20.214050   -5.146383
1755   -0.935938 -43.835758   -4.517692
1758  -17.987246 -58.513760   -3.449878
1761   -0.287076 -36.661224   -5.821038
1764  -14.448329 -17.458683   -5.386720
1767   -4.863903 -45.724545   -7.272027
1770  -10.172400 -53.476719   -3.582147
1773   -3.634720 -32.052559   -4.266946
1776   -2.698011 -47.254341   -3.815342
1779   -7.155045 -35.843773   -3.908839
1782  -17.002590 -35.514191   -7.320205
1785  -15.803902 -46.052521   -3.338493
1788   -2.509383 -49.527534   -6.290562
1791  -13.774666 -46.848454   -6.944005
1794  -18.498178 -34.968681   -3.508805
1797  -19.189112 -26.259836   -4.993903
1800  -14.209273 -21.409155   -7.050960
1803   -7.337690 -17.572668   -5.244250
1806   -8.697224 -63.340851   -4.439074
1809  -15.255419 -48.043236   -3.291234
1812   -8.218721 -45.157967   -3.599141
1815  -11.073015 -15.830821   -5.116343
1818  -10.104439 -26.316488   -4.336425
1821  -12.340755 -57.775482   -5.743351
1824  -15.594053 -62.404022   -3.893948
1827   -7.990869 -54.952084   -6.688430
1830  -18.856236 -58.216606   -6.198201
1833   -2.128063 -52.965103   -4.215276
1836  -10.132684 -55.990067   -6.409518
1839   -2.425289 -34.671761   -4.070541
1842   -6.557301 -41.508606   -7.136636
1845   -3.310719 -23.601700   -6.209939
1848   -9.512123 -60.585835   -5.657085
1851  -10.477290 -31.395124   -4.098069
1854  -19.724712 -42.762199   -7.144579
1857  -17.051239 -36.087616   -3.161166
1860  -15.266794 -41.889523   -3.271878
1863  -13.574530 -16.531170   -5.375503
1866   -1.245108 -46.107178   -4.358812
1869   -0.937436 -51.558842   -4.796135
1872  -18.325319 -34.155079   -7.301425
1875  -17.366400 -59.949543   -6.428932
1878  -14.527553 -53.816353   -3.204949
1881  -11.106884 -63.456871   -4.381847
1884  -11.869006 -32.901066   -7.302303
1887   -6.914559 -44.382683   -7.167249
1890   -2.958147 -53.653393   -6.342978
1893   -1.738801 -33.681023   -4.527602
1896  -11.189358 -50.269833   -3.505257
1899  -10.130080 -27.954691   -7.506256
1902   -7.699417 -63.359806   -4.313561
1905   -9.526350 -20.366274   -4.716936
1908  -11.095905 -46.294159   -3.523536
1911   -1.884673 -27.926641   -6.002455
1914   -7.578593 -37.532532   -3.817737
1917   -7.049261 -38.431896   -7.229734
1920   -2.090458 -51.769169   -4.222133
1923  -12.312696 -39.952736   -3.507811
1926  -16.690020 -31.043051   -3.353214
1929  -20.428242 -30.721113   -4.664710
1932   -9.595491 -52.254719   -6.711954
1935  -10.131333 -54.613945   -6.529169
1938  -11.256166 -58.722416   -5.649581
1941   -5.405501 -61.786472   -3.703033
1944   -0.906479 -50.026016   -4.655540
1947  -16.927633 -40.478813   -7.272603
1950  -10.296824 -61.293629   -5.405775
1953  -11.207914 -13.563149   -5.529048
1956   -6.115987 -36.722435   -3.829666
1959   -0.435371 -44.791882   -4.926331
1962  -11.469798 -25.101931   -7.355227
1965   -7.902261 -27.618908   -4.367551
1968   -7.890988 -15.682343   -5.572742
1971  -11.959523 -34.145279   -3.827268
1974  -21.141466 -47.943661   -4.139109
1977  -14.481489 -52.035587   -6.756461
1980  -20.400190 -30.538521   -4.658759
1983  -11.535746 -50.494499   -6.774790
1986  -11.644566 -60.923576   -5.377844
1989  -14.794052 -32.903584   -7.262860
1992   -4.728584 -32.605331   -4.087769
1995   -3.220330 -37.523438   -7.386556
1998   -6.194690 -28.046537   -4.375187
2001   -3.345619 -33.537037   -4.079337
2004  -14.252647 -60.460976   -6.053291
2007  -12.401581 -56.541168   -3.551702
2010  -20.778717 -46.941978   -4.062249
2013  -15.123418 -20.491888   -6.814405
2016   -6.951714 -42.754337   -3.610659
2019  -20.797361 -39.626579   -3.919505
2022  -11.687151 -56.498493   -6.224751
2025   -7.740635 -20.098963   -6.912623
2028   -6.146447 -53.681541   -3.574784
2031  -12.469432 -47.190701   -6.904079
2034   -7.452323 -58.424103   -3.903325
2037  -17.210732 -47.654011   -3.175485
2040  -15.709305 -56.187977   -3.106853
2043   -1.552172 -37.997368   -4.427356
2046   -2.540592 -60.347504   -4.159879
2049  -11.280553 -53.956989   -6.551864
2052   -7.222193 -49.915714   -3.465299
2055  -17.980930 -22.359747   -4.928570
2058   -5.044253 -52.735207   -3.452124
2061    0.006541 -44.457512   -5.375980
2064   -1.061919 -45.235672   -4.480355
2067  -18.726938 -30.432123   -3.927656
2070   -0.573276 -49.957191   -5.081693
2073   -8.163236 -52.820892   -3.562459
2076   -8.722088 -19.061184   -4.824513
2079  -18.821608 -51.425175   -3.351292
2082   -7.420902 -58.427204   -6.458537
2085   -2.102015 -58.499130   -4.371449
2088   -2.179068 -40.248287   -4.038821
2091  -17.984486 -57.398808   -6.586797
2094  -12.166797 -19.360929   -4.732956
2097   -9.364328 -46.282246   -6.981497
2100   -7.414813 -42.970463   -7.148440
2103   -9.122069 -63.050789   -4.332109
2106  -14.866478 -24.430281   -3.973682
2109  -14.050661 -49.345863   -6.890747
2112  -15.878518 -53.094391   -6.781243
2115  -14.223052 -34.360588   -7.283301
2118  -14.021431 -59.469807   -5.882925
2121  -10.971905 -19.726112   -7.031868
2124  -15.631458 -28.788637   -3.553758
2127  -13.132288 -52.450680   -6.666301
2130  -15.199882 -39.775261   -7.118782
2133   -7.281397 -30.585117   -4.220227
2136   -8.438768 -52.669987   -6.772949
2139  -21.076727 -52.478832   -4.403794
2142   -9.240747 -52.477028   -3.542429
2145  -17.239836 -50.506260   -3.118922
2148   -9.735720 -61.360710   -4.068195
2151  -17.524860 -51.881702   -3.080718
2154   -9.254232 -49.490288   -6.884669
2157  -11.758560 -59.762753   -5.443240
2160   -7.478945 -61.847546   -5.949732
2163  -13.251624 -56.942974   -5.900041
2166  -13.607059 -25.476526   -4.064632
2169  -19.553423 -52.665909   -6.400188
2172   -4.553938 -53.680443   -3.474036
2175   -9.968996 -40.052681   -3.701593
2178   -8.724524 -55.049946   -3.757109
2181   -4.046044 -26.550112   -6.696752
2184   -4.124290 -51.267620   -3.605944
2187   -8.728480 -22.168581   -4.588033
2190  -17.129976 -62.523689   -5.850270
2193   -1.865673 -56.551918   -4.275210
2196   -8.515922 -44.631451   -7.067494
2199  -15.135088 -33.111588   -3.334360
2202   -7.125255 -29.146868   -4.284390
2205   -3.575055 -52.092514   -3.698193
2208   -2.649472 -55.037472   -3.905470
2211   -6.223075 -37.095871   -7.411377
2214   -0.298071 -43.446022   -4.938766
2217   -3.222545 -40.618008   -7.215960
2220  -13.836553 -58.152771   -5.811224
2223  -20.676752 -50.227600   -3.975594
2226  -18.866575 -60.317501   -5.825075
2229  -17.531353 -44.743393   -3.206157
2232   -9.496598 -50.996304   -6.793536
2235   -5.558237 -56.481586   -6.785563
2238  -11.136823 -39.632687   -3.661878
2241   -7.312236 -63.249645   -5.646144
2244  -20.450354 -58.294762   -4.595490
2247   -8.735334 -33.000103   -7.592258
2250   -9.081352 -53.688587   -6.667681
2253  -17.128511 -21.241732   -4.993937
2256   -2.088183 -57.564514   -4.333179
2259  -11.733555 -38.360500   -3.648298
2262  -18.710501 -56.015808   -3.572024
2265   -2.521973 -55.997162   -3.971217
2268  -17.481001 -46.161694   -3.252379
2271   -7.846509 -63.490849   -4.393278
2274  -11.123180 -31.113802   -7.485957
2277  -19.130793 -33.753429   -3.839379
2280  -12.002481 -43.110847   -7.048778
2283  -17.168201 -63.211437   -4.136592
2286  -19.768681 -61.955845   -4.323874
2289  -10.761547 -33.006088   -3.970575
2292  -10.436586 -21.494925   -7.305648
2295  -13.681529 -41.828712   -3.424583
2298  -20.255884 -32.180843   -4.508053
2301  -19.536938 -41.525833   -7.142664
2304  -16.234558 -28.561096   -7.199901
2307   -4.596237 -45.932537   -3.424416
2310  -13.857122 -17.369362   -5.306307
2313   -4.576166 -42.040401   -3.513573
2316  -14.942052 -58.825241   -3.505999
2319  -12.797323 -49.803677   -6.827482
2322  -17.052860 -38.970520   -7.211223
2325   -0.120252 -39.586422   -5.214517
2328   -8.010762 -45.686234   -7.024424
2331   -8.589637 -50.231956   -3.496285
2334  -14.170191 -37.195599   -3.408799
2337  -16.234116 -61.193882   -3.813459
2340   -5.105922 -33.884792   -3.928655
2343   -6.942076 -45.681629   -3.562029
2346  -19.954144 -59.497040   -5.329288
2349   -2.108890 -45.873463   -3.983215
2352   -3.527140 -46.128658   -6.985124
2355  -19.240683 -54.619732   -6.389099
2358   -5.163221 -38.050037   -7.397585
2361   -9.334416 -51.490829   -3.522262
2364  -16.634998 -24.094038   -4.293921
2367  -19.217302 -55.042091   -3.579858
2370  -20.874063 -49.386284   -5.920082
2373   -2.283419 -41.646809   -3.966222
2376  -13.007804 -15.911769   -5.263713
2379  -14.511847 -44.945728   -3.439919
2382  -14.923519 -54.643177   -6.495326
2385  -10.607498 -57.820293   -3.840652
2388  -10.420287 -17.764574   -6.765164
2391  -17.204632 -58.400478   -6.653403
2394  -12.321632 -25.400267   -4.255427
2397   -3.485347 -31.161007   -7.102233
2400  -18.652782 -63.183575   -4.118411
2403   -0.113406 -38.639626   -5.736468
2406  -12.529859 -34.676510   -7.266160
2409  -16.945414 -52.194714   -6.951193
2412   -8.116514 -43.728218   -3.639405
2415  -20.357000 -53.243587   -5.913667
2418  -12.785614 -58.861149   -5.591306
2421  -14.634643 -45.759876   -7.044710
2424   -4.599972 -43.500282   -3.474154
2427   -5.658476 -64.391891   -4.770471
2430  -12.793915 -42.869766   -3.549381
2433   -1.576515 -58.342537   -4.697706
2436   -1.566422 -45.241665   -4.179210
2439   -7.407105 -40.075562   -7.097066
2442   -4.189456 -21.630934   -6.109572
2445  -11.448875 -52.562233   -6.642319
2448  -17.311241 -32.998489   -7.288972
2451   -7.883434 -31.628977   -7.683689
2454  -11.700859 -35.650635   -3.811796
2457   -3.401276 -58.491501   -6.012026
2460   -1.535652 -54.604351   -4.448233
2463   -2.985427 -39.831844   -3.802791
2466   -4.187538 -62.085648   -3.798837
2469  -12.759780 -16.296970   -5.163983
2472   -3.481446 -57.226448   -6.214352
2475  -19.155382 -49.496418   -6.889148
2478   -5.929984 -34.042393   -7.674691
2481  -20.778229 -55.878185   -4.637699
2484   -4.573986 -63.198727   -3.828325
2487  -15.466814 -61.965191   -3.830548
2490   -2.316512 -39.240471   -4.047603
2493   -0.906584 -48.901112   -4.601452
2496  -14.105422 -23.348577   -7.187047
2499   -9.942653 -39.268871   -7.056459
2502   -2.676110 -56.938404   -4.052663
2505   -3.543088 -56.168640   -6.518229
2508   -1.533513 -57.313469   -4.711715
2511  -13.749112 -29.606108   -7.340966
2514  -13.264215 -28.570845   -3.906884
2517  -11.691082 -21.407976   -7.261264
2520   -0.536614 -46.206024   -4.751377
2523   -3.037909 -38.760384   -3.707697
2526   -4.055007 -46.861557   -3.377990
2529  -14.530384 -55.232529   -3.222990
2532  -18.166290 -23.493248   -6.587603
2535   -5.357222 -59.751953   -3.729065
2538  -16.548021 -21.332861   -6.692238
2541   -4.875565 -24.232731   -6.791765
2544   -8.750664 -43.108181   -7.114321
2547  -17.114847 -26.985462   -7.083218
2550   -5.044971 -53.919479   -7.139844
2553  -14.554757 -50.116474   -3.265636
2556   -7.188719 -21.561409   -4.625712
2559   -5.576567 -29.117828   -7.465230
2562  -16.466465 -32.461197   -3.258885
2565   -9.461350 -37.516098   -7.231855
2568  -15.901361 -19.618206   -5.171099
2571   -7.241897 -54.990818   -3.796580
2574  -12.916082 -17.927158   -5.036507
2577   -0.415493 -36.279499   -5.165963
2580   -9.024210 -16.223118   -5.241523
2583   -8.605297 -29.429783   -4.214900
2586   -3.187472 -37.668835   -3.690730
2589   -0.198258 -45.551968   -5.551336
2592   -4.563791 -65.396637   -4.531211
2595   -9.881285 -44.717236   -7.020975
2598  -10.595764 -51.527092   -6.727882
2601   -6.501662 -17.269142   -6.086574
2604   -4.470131 -58.650948   -3.670248
2607   -4.071813 -29.424721   -4.302139
2610   -9.516428 -14.298706   -5.452108
2613   -0.238479 -42.357365   -5.065820
2616   -8.605839 -59.054539   -3.924448
2619   -3.962419 -39.686531   -3.563335
2622  -11.702769 -49.113411   -3.467899
2625  -12.614021 -14.529382   -5.555734
2628   -4.336669 -25.119621   -4.596309
2631  -11.334271 -29.738703   -4.065903
2634   -7.918500 -47.063698   -7.009458
2637  -13.794811 -21.998312   -4.288636
2640  -10.840702 -37.044342   -3.797965
2643  -14.565485 -34.632122   -3.381588
2646  -12.867698 -25.028088   -7.414358
2649   -4.043216 -52.593918   -6.972895
2652  -18.218760 -27.485628   -3.718827
2655  -14.422236 -41.256878   -7.178363
2658   -5.597719 -47.308792   -3.412000
2661  -17.816303 -61.053631   -6.084347
2664  -10.198591 -59.015957   -3.908754
2667  -16.912266 -30.078329   -7.345334
2670  -12.993779 -31.409586   -3.856925
2673  -19.572214 -53.696194   -6.274936
2676  -11.305681 -47.820198   -6.909285
2679  -18.906824 -42.446072   -3.401528
2682   -6.349384 -23.865007   -4.477336
2685  -15.640673 -36.047531   -7.261952
2688  -11.496097 -42.499062   -3.619258
2691  -13.466609 -35.843357   -3.539631
2694  -18.779058 -48.625404   -3.408753
2697   -9.699696 -62.194397   -4.137168
2700   -2.229296 -61.212116   -4.490824
2703  -15.959002 -44.681274   -7.186657
2706  -18.513416 -44.058369   -7.369231
2709  -20.049877 -54.403133   -5.944032
2712   -8.134330 -18.925327   -6.732140
2715  -12.645149 -31.319414   -7.441715
2718  -20.431459 -35.523396   -6.608615
2721  -14.021916 -26.940702   -3.905686
2724   -0.118920 -41.700497   -5.680531
2727   -4.464701 -36.333813   -3.756649
2730   -2.760036 -59.321129   -4.083173
2733   -6.580878 -34.298557   -3.997688
2736   -9.820734 -15.721734   -5.169199
2739  -18.482393 -38.371590   -7.347240
2742   -6.026135 -43.099564   -7.207353
2745  -18.377880 -37.804676   -3.227786
2748   -9.847589 -22.855402   -7.414555
2751  -10.087343 -29.683773   -4.143288
2754  -12.163203 -60.470272   -3.876220
2757   -5.079296 -48.286968   -3.464156
2760   -9.099059 -53.975029   -3.670105
2763   -5.319538 -44.426613   -7.296794
2766   -1.666047 -48.217197   -4.184673
2769   -5.705581 -35.757874   -7.661682
2772   -5.131231 -25.800339   -6.952003
2775   -6.772758 -20.877228   -6.914284
2778   -4.069031 -59.769291   -3.671618
2781  -11.544922 -17.101633   -6.849177
2784   -9.535043 -31.618639   -7.565460
2787   -4.421045 -50.028481   -6.987949
2790   -3.353898 -42.471027   -3.561073
2793   -8.806522 -15.113004   -5.437767
2796  -13.639420 -58.385582   -3.608359
2799   -1.838339 -38.158180   -6.840914
2802  -10.608027 -15.781160   -6.764447
2805   -8.949295 -48.061508   -6.953796
2808  -19.520298 -31.063311   -6.822704
2811  -21.322948 -40.098244   -4.113787
2814  -14.375803 -63.121964   -4.220061
2817   -6.369189 -60.135754   -6.452601
2820  -18.734022 -52.044071   -6.904987
2823   -9.960707 -50.370754   -3.525317
2826  -13.038062 -44.427803   -7.052712
2829  -10.799894 -44.995007   -3.592697
2832  -10.917081 -19.932943   -4.743369
2835   -6.302773 -32.753021   -4.038087
2838  -21.130400 -43.822132   -4.244611
2841  -10.343674 -13.520712   -5.595446
2844  -12.691913 -29.946812   -3.920764
2847  -20.858891 -33.459270   -4.531791
2850  -14.875966 -46.833725   -3.369781
2853  -12.522221 -45.863216   -6.953569
2856   -7.539735 -18.628710   -4.906459
2859   -5.003313 -40.705219   -3.580880
2862   -6.073421 -20.897827   -4.904930
2865   -1.877599 -59.220203   -4.563181
2868   -4.665319 -41.996246   -7.246223
2871   -4.103894 -59.623230   -6.296323
2874  -10.192713 -40.663357   -7.051784
2877   -3.439575 -40.956215   -3.729627
2880   -5.448942 -35.346752   -3.872197
2883   -3.157802 -49.921875   -3.824611
2886   -1.351128 -52.189861   -4.574441
2889  -11.108997 -56.508167   -3.687248
2892  -15.583150 -56.462566   -6.262037
2895  -19.866154 -36.811592   -6.927913
2898   -5.515908 -57.815262   -6.707838
2901  -14.126651 -31.674492   -3.656894
2904   -7.364147 -23.095032   -4.534431
2907  -11.237944 -61.445335   -4.024816
2910  -20.533010 -51.968338   -5.797282
2913   -5.113598 -51.435268   -7.101245
2916   -3.401027 -58.979534   -3.818893
2919   -8.565329 -23.877052   -4.512980
2922   -4.946971 -32.457443   -7.453521
2925  -14.023740 -36.251785   -7.265271
2928   -9.416677 -17.483107   -4.957458
2931   -0.145520 -39.863808   -5.717127
2934   -9.452548 -42.008213   -7.078829
2937  -18.998861 -44.208759   -3.441978
2940   -9.565029 -37.272850   -3.838842
2943  -10.981379 -46.095417   -6.952907
2946   -5.353510 -26.581484   -4.356997
2949  -10.038357 -18.758129   -4.810096
2952   -6.597079 -50.938053   -3.468312
2955   -5.673908 -23.322361   -6.938362
2958   -8.112603 -46.482372   -3.533436
2961  -11.124632 -41.947983   -7.080089
2964   -8.657175 -41.452591   -3.701051
2967   -5.209856 -37.686283   -3.725893
2970  -10.265748 -53.100918   -6.639786
2973   -8.239579 -34.787262   -4.009118
2976   -9.949820 -57.155872   -6.277669
2979   -6.709042 -26.498053   -7.456978
2982   -5.293900 -27.468142   -7.190206
2985  -20.708599 -50.008335   -3.984953
2988  -10.425856 -55.044682   -3.671955
2991  -17.332699 -62.777351   -4.041581
2994  -12.109697 -28.192583   -4.026815
2997  -13.604064 -33.070400   -3.652081
3000  -12.511845 -23.698420   -7.406923
3003   -7.855579 -48.976192   -6.976663
3006  -16.885590 -25.341581   -4.194778
3009  -17.815645 -46.754307   -7.207314
3012  -16.379196 -61.301594   -3.823005
DATA_COMPLETE
