variable listc
3015
variable vLength
0
   0    3.965342  65.344048   -0.313327
   3   -6.002858  40.078468   -0.210064
   6   -3.068563  21.270515   -0.365848
   9   10.139700  21.530518    0.522035
  12   13.960593  41.869129   -0.212931
  15    7.129614  24.891624   -1.721352
  18   -0.698416  59.588264    0.159535
  21    2.977139  35.031677   -2.058331
  24    6.189529  45.653938   -2.341457
  27    3.342684  40.848675    0.751417
  30   12.950092  50.491535   -0.017081
  33   -4.715469  48.345242    0.281797
  36   -6.076716  42.031277   -0.110636
  39    5.389446  33.333267   -2.055691
  42   -4.045578  44.608555   -2.159657
  45   -3.441196  44.771488    1.242659
  48   13.745884  40.764759   -0.167095
  51   13.510426  39.725151    0.114452
  54   -3.851498  43.273888    1.101236
  57    5.068600  44.988297   -2.381454
  60    6.682828  54.994602   -1.913448
  63    0.292526  32.849762   -2.222797
  66    0.572910  25.028584    0.247401
  69    8.611500  40.962135    0.747417
  72   12.655538  35.121185   -1.702373
  75   -4.457756  30.007618   -1.443810
  78   -4.867968  28.722910   -0.308094
  81   10.736229  25.637074    0.987732
  84   -2.161841  37.488125   -2.043949
  87    0.353462  50.743439    0.900008
  90   11.623176  30.777409    0.884573
  93    4.250462  23.861702   -0.187240
  96    7.333237  26.974852   -2.140411
  99    5.536530  24.817657   -0.029942
 102    2.867628  28.440006    0.318654
 105    8.820496  60.709496    0.102683
 108    1.649773  64.417374   -0.209346
 111    6.130787  60.876049   -1.004749
 114   14.034767  45.006458   -0.212086
 117    0.062435  54.690277   -1.649254
 120    0.863903  39.498123   -1.739822
 123   -2.323502  34.212669    1.091041
 126   -1.420412  56.174496    0.319640
 129   12.725681  52.369106   -0.064868
 132   -1.399666  49.961098   -2.003647
 135   10.782093  42.489571    1.003812
 138   -5.303549  32.650505   -0.404205
 141    6.532909  57.103817    0.219338
 144   -4.796624  26.424555   -0.320332
 147   11.318890  36.262024    1.207990
 150   -3.299347  53.345882    0.155424
 153   -0.357477  26.476963    0.594692
 156    0.167885  33.332680    0.808385
 159    1.787092  51.916321   -1.546589
 162    1.501118  31.089575    0.637677
 165    7.907841  23.287453    0.471375
 168   -3.818794  26.541748   -1.502632
 171    0.698330  40.481575    0.887606
 174   -0.122131  34.500687    0.898864
 177    2.967211  34.448837    0.858120
 180    8.722130  61.551147    0.006640
 183    0.517656  39.398891    0.862479
 186    0.801741  44.498215   -2.624477
 189    3.034393  44.059837    0.905834
 192   -2.631474  50.882790    0.876505
 195    2.867277  60.261818    0.076428
 198   -1.119179  40.332344   -2.596401
 201    8.744314  26.681923    1.033968
 204   -0.297307  39.015404   -1.894661
 207    5.943557  35.704205   -2.156765
 210    6.135986  24.802135    0.085277
 213    8.153072  35.734318    1.064704
 216    2.443195  59.830341   -1.192139
 219    5.391087  56.285511    0.229112
 222   12.884559  31.856621    0.177826
 225   -2.146572  32.878357    1.019145
 228    8.018332  50.009182   -2.016224
 231    7.555054  24.625473    0.454430
 234    2.943844  61.247849   -0.875072
 237    3.969146  50.760349   -1.671081
 240    9.162529  24.957954   -1.990009
 243   12.976181  33.321976   -0.080921
 246    1.705410  54.930470   -1.606132
 249   -4.930667  46.588963    0.400619
 252   -5.496806  36.294075   -0.149477
 255   12.604320  38.641117   -1.905045
 258   13.889633  42.154568   -0.149591
 261   10.321410  57.317848    0.163231
 264   -4.920413  46.249954    0.459021
 267   -5.234571  48.136055    0.070631
 270    4.610790  52.519642    0.617937
 273    8.924747  57.303623    0.300895
 276    3.399220  49.294498    0.790532
 279    6.825451  62.614552   -0.098998
 282   10.495929  29.948330   -2.256306
 285    9.692028  48.354622    1.067216
 288    2.165802  33.877617    0.805663
 291   -0.487980  44.649834   -2.618591
 294    0.722166  44.913292    1.019590
 297    5.614033  55.217358   -1.768394
 300   -0.529064  61.920837   -0.173209
 303    1.856388  25.070175    0.081653
 306    7.351559  31.659891    0.884904
 309    8.215466  46.554367   -2.245281
 312    8.782707  22.760788    0.427386
 315   -3.189449  26.564833    0.455758
 318   -1.042114  28.508230   -2.248825
 321    2.295973  32.647625    0.697291
 324    3.353634  26.658537   -0.003074
 327   -3.194963  22.748993   -0.184141
 330   -3.464575  23.364597   -0.129374
 333   10.067200  22.982780    0.809472
 336   -2.276052  36.724632    1.073970
 339   10.661980  46.969894    1.218919
 342   10.028117  34.302528   -2.757710
 345    1.240919  32.901733    0.741042
 348   -4.259236  54.248802   -0.532816
 351   12.483604  32.911388    0.278177
 354   -4.625721  42.291374   -2.124031
 357   -0.371819  56.269646   -1.584125
 360   10.175010  26.974072    1.274514
 363   -1.163761  52.231899   -1.633259
 366   11.797356  45.249722   -2.250278
 369    3.248672  24.289700   -0.090178
 372   -0.860262  38.873718    0.938647
 375    8.964497  57.736057    0.294049
 378    0.268997  49.317108   -2.055973
 381   -2.379208  56.429337    0.028704
 384    2.543612  28.117043    0.226942
 387    4.972479  52.676804   -1.640510
 390    0.890785  41.559433    0.973324
 393    6.298915  23.967712    0.082466
 396    1.921614  39.336559    0.794360
 399   -5.896356  34.810162   -0.117380
 402    7.922749  29.752840   -2.509018
 405   -6.126094  45.532402   -0.187391
 408   -2.152954  30.257040    0.904597
 411    0.303659  35.430038    0.880202
 414   10.383507  37.304230    1.211164
 417    8.635967  60.593491    0.120557
 420    8.417139  51.761780   -2.225967
 423    4.405121  65.210472   -0.319365
 426   -5.180373  33.643517   -0.065739
 429   11.151257  41.327305    1.054013
 432    0.915039  61.204674   -0.037765
 435   -3.906109  54.896484   -0.435274
 438    4.834079  56.292728   -1.660004
 441   12.040466  39.182594   -2.269188
 444   -1.207647  35.227947    0.972121
 447    6.448665  37.584259    0.836526
 450   -1.637577  53.766121   -1.756370
 453    7.582151  57.069664   -1.699760
 456    8.891026  47.025803    0.937078
 459    1.263388  60.654007   -1.147301
 462    9.837837  22.627628    0.641088
 465    0.479042  48.820351    0.950671
 468   11.409676  52.524990    0.349532
 471    1.663942  28.538113    0.391162
 474    4.422558  38.844551    0.712609
 477    7.172108  51.023956   -1.919773
 480   -2.554878  21.719599   -0.159127
 483    6.659328  30.430742    0.763012
 486    3.817379  42.998840    0.843413
 489    8.295139  29.625301    1.013877
 492   11.145710  32.376350    1.171653
 495   13.850364  39.985313   -0.163361
 498    2.708143  50.181732    0.788370
 501   -3.449272  38.281212    1.151248
 504   10.220501  21.945393    0.552909
 507   -1.485376  22.516869    0.133309
 510    2.592405  24.989828   -0.028411
 513    0.334064  30.287876    0.684758
 516   -5.519588  45.371101    0.243109
 519   13.036957  40.710205    0.365198
 522    9.334438  38.047546    1.051743
 525   13.680665  37.635029    0.159260
 528   10.779453  21.631947    0.554116
 531   -2.546663  55.428761    0.188383
 534   -0.004057  61.730011   -0.114161
 537    6.801258  25.098951    0.265742
 540   13.324223  43.059692    0.440592
 543    2.503151  42.816204    0.919429
 546   13.348163  36.897221    0.392315
 549    7.997635  61.609035   -0.006316
 552    4.869457  46.766567   -2.262146
 555    5.583450  26.100151   -0.016902
 558    0.285812  37.955433    0.791898
 561   -0.615841  58.926453    0.321906
 564   -4.463313  26.041739   -0.200161
 567    2.430088  42.458122   -2.466987
 570    9.154636  59.548149    0.318006
 573   13.896157  47.838020    0.030796
 576   13.318332  45.750999    0.308371
 579   -3.902849  24.308395   -0.241936
 582   10.087845  23.884768    1.010879
 585   -2.339272  25.767794   -1.954361
 588    6.438824  23.422722    0.090936
 591   -1.017811  57.284203    0.352746
 594    7.379860  26.468021    0.449389
 597   -3.748427  56.079956   -0.364851
 600    6.743500  26.270855    0.237145
 603   13.039802  35.469925    0.256865
 606   -3.957580  22.238682   -0.606125
 609   -3.531228  32.752365    0.928490
 612   11.141028  54.945412    0.264926
 615   13.500537  35.152100   -0.055515
 618   10.153330  21.573853    0.510647
 621   -5.535694  34.197212   -0.037039
 624   12.059181  42.433159    0.822528
 627   -2.650482  35.124340    1.141959
 630   -4.093714  52.073082    0.127674
 633    0.918606  56.005829   -1.567543
 636    7.699572  24.187057   -1.649982
 639    6.393005  27.325130    0.373862
 642   -0.079906  42.646461    1.116479
 645   -4.655130  26.753551   -0.813263
 648   12.474967  37.828861    0.855661
 651    2.962719  58.924019    0.220222
 654    3.549114  41.957275    0.831281
 657    1.376781  27.622114    0.246009
 660    1.106411  56.223129    0.397641
 663   -1.042572  29.109169   -2.307937
 666    8.025730  30.685799    0.961882
 669    7.278534  52.636665   -2.020992
 672    9.921783  55.490688    0.409910
 675   11.613144  35.027420    1.042102
 678    3.469419  65.429062   -0.313776
 681    5.661838  34.509537   -2.192619
 684    7.118534  39.946430    0.738211
 687    8.852699  33.265297   -2.486179
 690   -0.478964  41.403465    1.014910
 693    4.444603  45.521767    0.882101
 696   11.701027  25.619928    0.302837
 699   -1.787971  42.132587   -2.697067
 702    0.081270  24.845097    0.278503
 705    1.939705  58.671108    0.342687
 708    6.794160  41.053833   -1.956062
 711    1.246153  23.171623   -0.137343
 714   13.556190  42.275127   -1.302380
 717    8.514469  31.952806    1.050335
 720    1.670965  59.614262    0.252391
 723    3.826126  50.414574    0.763785
 726    5.337498  50.854706   -1.685116
 729   10.386166  54.370365    0.586179
 732    1.408184  33.524979   -2.200562
 735   -0.421722  47.697182    1.088740
 738    1.433372  35.066879    0.853170
 741    6.510605  28.597088   -2.164402
 744   12.650817  31.550926   -0.627254
 747    5.307205  39.277359   -1.513306
 750    8.379158  23.950619    0.706322
 753    7.502296  45.503208   -2.283443
 756   12.830871  48.565628    0.453426
 759   -3.108635  31.543428    0.979753
 762    2.302818  43.990711   -2.587963
 765    0.452290  47.425144   -2.338215
 768    6.782784  45.290375    0.955812
 771   10.841782  58.000450   -0.076299
 774   -5.035230  32.421745   -0.137201
 777    2.897102  57.719738    0.280711
 780    8.179955  55.770184   -1.966148
 783    7.118015  55.840637    0.249457
 786   -3.345516  35.655609   -2.165211
 789    3.042669  23.954498   -0.086734
 792    5.459007  30.473015    0.675890
 795   -4.504567  25.358562   -0.381388
 798    1.024784  26.315126    0.303193
 801    7.445205  28.327492    0.764075
 804   -1.176273  54.843338   -1.675922
 807   -0.258272  36.744904    0.862456
 810   10.837437  53.060127    0.505513
 813   10.391193  41.035812   -2.336475
 816   -5.629495  37.374741   -0.440670
 819   -3.538418  43.168110   -2.472477
 822   -3.574023  47.043491    0.945679
 825   12.912807  51.666080   -0.011126
 828    5.210442  37.449688    0.801455
 831    6.123222  62.658741   -0.109014
 834   12.748375  30.910244   -0.009556
 837    0.129543  30.071350   -2.182693
 840   -0.465128  40.299091    0.939176
 843   -5.258080  30.722778   -0.517162
 846   11.637150  51.063206    0.468329
 849    1.083456  42.637863    1.050068
 852    5.753315  44.423191    0.874815
 855   11.916649  51.731041    0.308787
 858    8.928253  52.179451    0.645061
 861    7.400917  31.427097   -2.361412
 864   -0.716385  33.308407   -2.125229
 867   -3.522396  36.201679   -2.156063
 870    0.999123  34.026512    0.847856
 873    1.790096  60.884739   -0.016348
 876    3.002151  38.808281    0.716318
 879   -5.813458  47.576611   -0.152981
 882    7.233559  24.492649    0.352883
 885   -1.231150  54.289024    0.610164
 888   -4.131207  27.549126   -1.246861
 891    5.275806  50.858849    0.739888
 894    1.881916  31.486389    0.633406
 897    5.302891  43.385803    0.815095
 900    8.615673  22.285870    0.188252
 903   11.741135  43.811775    0.963658
 906   13.943710  46.837406   -0.021475
 909   -3.043968  46.335735    1.222544
 912    1.322699  51.906952    0.873702
 915    8.219699  58.935150    0.272801
 918   -1.323784  43.567230    1.088178
 921   -4.818168  53.289532   -0.522299
 924    0.728420  26.300032    0.374363
 927    1.217957  36.360252    0.857366
 930   -2.717870  43.246758    1.152969
 933   12.288177  29.001190    0.121189
 936   -6.162776  43.341961   -0.113237
 939   -4.845962  39.234894    0.461565
 942   11.480544  24.010410    0.622473
 945    5.572094  35.012688    0.877694
 948    5.772457  51.800404    0.666390
 951    1.008808  50.686176   -1.761768
 954   10.580631  28.790318    1.245540
 957    4.301666  58.667850    0.201862
 960    1.666222  23.948914   -0.010375
 963   13.216166  47.517540   -1.262051
 966   -5.135722  51.200375   -0.483112
 969   -1.215511  35.584511   -1.935120
 972    9.430687  40.446976    0.851640
 975    4.040375  30.931953    0.619720
 978    6.525104  50.103153   -1.820591
 981   -0.938129  34.578148   -2.001171
 984    2.626612  37.471039    0.744740
 987    5.797973  26.095116    0.019663
 990   11.009209  22.286415    0.591991
 993    4.104572  51.719013    0.718867
 996   11.549132  46.700054   -2.117558
 999   -4.774163  45.120071    0.634270
1002    4.030315  60.075638    0.079829
1005    9.777435  32.601109    1.320862
1008    8.877876  45.339699   -2.302296
1011    3.580927  58.901497   -1.353496
1014   10.783951  48.097939    1.186080
1017    6.332872  46.579113   -2.254189
1020    9.771104  35.964291   -2.597473
1023    0.205261  29.013977    0.619896
1026    1.580788  23.758219   -0.045913
1029   11.822548  50.871803    0.415346
1032   -5.531086  36.859467   -0.314293
1035   12.229907  47.983318   -1.829124
1038    9.008820  36.636139   -2.231026
1041    3.579901  45.307682   -2.447681
1044   -1.706366  53.076756    0.721170
1047   -4.900097  31.534285   -0.955475
1050    3.625931  52.026081   -1.532043
1053    8.928125  27.458935   -2.149437
1056   -0.195309  53.968132    0.760588
1059   -4.340716  23.519123   -0.485748
1062   -0.033726  27.921886    0.537078
1065   -0.995506  37.934101   -1.756115
1068   12.630878  42.882576    0.650037
1071    0.537941  58.911774    0.373544
1074   -3.796721  23.266937   -0.259037
1077    6.611088  33.942055    0.961036
1080   -0.129829  37.101597   -1.789265
1083    0.501356  35.189743   -2.159611
1086   10.927563  50.585064    0.721673
1089    8.330013  26.646698   -2.052582
1092    8.573597  34.434982   -2.328930
1095    4.680058  48.661827    0.767869
1098   11.451869  55.873302    0.070395
1101    8.081524  56.813366    0.253425
1104    0.143225  62.302578   -0.203526
1107   10.435486  35.399178    1.245362
1110    9.245178  31.266886    1.150296
1113   -3.840480  52.732754    0.117966
1116   11.574348  44.638351    1.095782
1119   -5.034952  29.493885   -0.311354
1122   -1.989601  33.157959   -2.067486
1125    7.260261  29.399498    0.807785
1128   -5.851112  40.078743   -0.151472
1131    4.087299  60.551434   -1.025406
1134    6.956691  61.046242    0.018718
1137   -3.461899  33.954350   -1.939148
1140   13.360508  45.545467    0.312363
1143    9.567982  42.006035   -2.321205
1146   -0.717569  31.161163    0.785445
1149    8.947575  28.389469   -2.369446
1152    3.106091  62.844406   -0.177190
1155    4.224106  63.832954   -0.262910
1158   -2.959896  28.495235   -2.054810
1161   12.558922  29.639313    0.101522
1164    4.999851  25.147442   -0.053562
1167   -1.943890  47.789162    1.343851
1170   -2.309265  49.148674   -2.204281
1173    7.660305  62.854683   -0.176156
1176    9.797817  49.555748   -2.248501
1179    4.931948  43.649105   -2.390011
1182    0.378506  33.960709   -2.206436
1185    6.211723  41.600731    0.697257
1188    1.109098  62.326530   -0.184566
1191    0.384367  27.382055    0.441461
1194   12.376716  34.246372   -1.827892
1197   12.322502  44.307926    0.871998
1200    9.938354  58.386200    0.184144
1203   11.977398  48.683266    0.755721
1206   -3.525873  51.129261    0.542461
1209   -2.870604  48.434452    1.185331
1212   -2.992242  23.947727    0.112291
1215    4.791714  26.953819    0.039022
1218    9.960093  59.195457    0.226579
1221    6.780567  58.047199   -1.506805
1224    2.398819  39.699234   -1.582886
1227    8.594589  31.960800   -2.564560
1230    9.827724  41.577332    0.901617
1233   12.131207  32.305019    0.635344
1236    0.768631  36.475166   -1.956120
1239   -1.721628  46.191227    1.351329
1242   -3.698264  27.203381    0.369097
1245    1.859348  35.334591   -2.123798
1248    7.750378  40.313560   -1.840862
1251   -1.496330  36.267624    0.978407
1254    0.214317  41.029327   -2.581032
1257   -1.940548  51.619190   -1.745975
1260   13.002364  49.848774    0.048576
1263    9.480293  29.323866    1.231224
1266    3.912289  23.735691   -0.171478
1269    2.528000  23.572720   -0.065377
1272    7.429233  41.022503    0.688287
1275   10.732788  56.104580    0.267819
1278   -2.747192  36.517578   -1.940281
1281    8.978661  54.404709    0.473359
1284   -5.224663  31.946901   -0.301310
1287    7.176425  43.826618    0.870452
1290   -6.079787  41.012222   -0.083918
1293   10.630711  46.243702    1.260701
1296    3.300241  30.717196   -2.036568
1299   -3.234447  27.413025   -1.970142
1302    3.883938  32.391117   -2.084835
1305    9.520737  60.105522    0.188931
1308   11.700066  47.574234    1.048025
1311    9.421427  21.598732    0.233896
1314   -1.155033  29.912338    0.829337
1317    6.001223  53.855797   -1.816852
1320   -2.663244  55.778584    0.084885
1323    7.660652  34.528976    1.040321
1326   -1.201061  30.431702   -2.257618
1329    2.552757  56.347626    0.302751
1332    5.836121  29.376553    0.604329
1335   13.513737  36.903015    0.220842
1338   -4.131790  28.472439   -1.340693
1341    7.427064  53.908863   -2.040943
1344    9.852562  33.574219    1.297487
1347   -4.387650  33.986389   -1.645802
1350    5.763277  48.112488   -2.102951
1353   -2.029186  35.251701   -2.091911
1356    3.606522  43.385277   -2.420300
1359   -2.427010  42.435322    1.013487
1362    4.280758  57.413803    0.211810
1365   -5.093656  38.739182   -0.415289
1368   12.102482  55.144615   -0.161569
1371   13.167145  38.336647    0.402821
1374   -5.777649  46.838814   -0.000307
1377   -4.742987  38.501968   -0.865829
1380    2.722500  47.194427    0.853918
1383   12.951034  32.417526   -0.080473
1386   -3.217616  56.903961   -0.368446
1389    7.876553  32.603619   -2.312435
1392   -5.059736  40.537430    0.488485
1395   12.676571  49.840233    0.220107
1398    8.919250  47.856339   -2.162136
1401    7.528606  51.862030    0.664726
1404    3.517830  29.582569   -1.964897
1407    4.086769  63.346706   -0.208013
1410   13.627098  49.179756   -0.106659
1413   -1.506657  27.470739    0.665832
1416   12.324874  54.056881   -0.053452
1419   -1.900382  58.779831    0.080811
1422   -4.880728  27.578049   -0.254921
1425   -3.605220  54.480000   -0.226957
1428    8.897888  54.891663    0.388846
1431    8.721478  22.935387    0.512063
1434   -2.333082  38.090767    1.066136
1437    2.675068  63.732403   -0.053939
1440   -6.079484  44.452381   -0.188740
1443    9.997414  39.642883    0.990457
1446    4.433369  42.358559   -2.438194
1449   -3.430894  30.306719    0.796888
1452   10.745429  24.254833   -1.450718
1455    8.590202  30.939875   -2.659153
1458    9.683918  26.019783    1.271981
1461    3.207928  54.728054    0.366519
1464    1.002579  53.188709   -1.541290
1467   -0.391356  23.086987    0.184393
1470    5.816860  39.032646    0.723238
1473    3.894306  37.473301    0.763648
1476   -4.765482  38.145866   -1.015484
1479   -2.914488  57.795563   -0.349102
1482    7.114590  23.267029    0.223129
1485   -1.079845  57.960518   -1.579208
1488    4.266937  29.831457    0.561921
1491    2.397995  23.401094   -0.081332
1494   -3.666351  25.051260   -0.020729
1497   12.627644  46.539330    0.694288
1500   -5.888756  41.981819   -0.026594
1503   -4.691111  34.136589    0.526999
1506    2.690254  32.848415   -2.149647
1509   -0.515411  46.259346    1.152087
1512   -0.269209  60.655308    0.112003
1515   -2.271263  28.412186    0.712080
1518   -1.700466  31.028568   -2.241631
1521   10.420002  24.951229    1.112067
1524   -5.474421  30.180164   -0.241518
1527    7.179153  42.348385    0.779049
1530    5.827011  32.675850    0.730676
1533    7.991636  44.413635   -2.352409
1536    7.425278  36.654831    0.992288
1539   11.677718  53.407539    0.204682
1542   10.430836  40.457027    1.013644
1545   -4.908728  48.975983    0.044924
1548    4.406834  38.192005   -1.559227
1551    1.652428  29.263187    0.534785
1554    4.557779  28.724684   -1.780064
1557   -5.733432  48.978340   -0.324680
1560    8.877997  21.603542    0.051377
1563    7.838150  46.036674    0.955054
1566    0.936420  57.181072   -1.566093
1569    4.253910  46.881069    0.818505
1572    2.602266  35.469978    0.819732
1575    5.553841  65.522163   -0.658433
1578    2.097595  49.802895   -1.918331
1581    1.985474  52.523403    0.811310
1584    2.099688  29.782732   -1.997181
1587   -5.178653  40.380157    0.390053
1590    0.564106  31.760227    0.683883
1593   -3.218540  25.470125    0.197073
1596   -2.225309  22.886665    0.094889
1599    3.118927  48.132828   -2.144634
1602    1.239290  28.155270    0.332911
1605   -3.524292  48.257233   -2.267780
1608   -4.950693  38.196060   -0.565113
1611   12.068848  29.472858    0.352434
1614   10.976277  28.796312   -1.917747
1617   -3.453091  28.951687   -1.865215
1620   11.862068  42.921059   -2.314693
1623   -4.907999  27.499027   -0.595535
1626    3.271891  39.866837    0.748060
1629    4.474152  23.536682   -0.195953
1632    9.422298  30.519382    1.194892
1635   -4.543036  37.073433    0.577280
1638    4.780651  28.743578    0.451030
1641    5.460903  45.942707    0.894669
1644    2.469763  53.193935   -1.524014
1647    7.906307  53.068695    0.443752
1650    9.496899  32.317192   -2.630913
1653   11.298492  23.352821    0.623540
1656   -3.275642  32.590641   -1.884701
1659    3.337349  40.533695   -1.834652
1662    2.225363  45.051559    0.912274
1665    3.239357  57.499172   -1.524185
1668   -0.108004  22.839348    0.028420
1671    6.242535  59.273857   -1.259796
1674    1.654274  38.797791   -1.554298
1677   10.270485  23.370852    0.892293
1680   -2.711262  46.578499   -2.428078
1683   -2.586218  54.218376    0.271860
1686    7.370872  43.274929   -2.274139
1689    7.995522  22.145695    0.124796
1692    6.484989  46.872173    0.833085
1695   -1.949280  45.248222   -2.591961
1698   -1.815344  49.699928    1.168373
1701    8.847912  36.845997    1.079554
1704    3.840141  53.507343   -1.578049
1707    3.308677  64.479950   -0.201447
1710    4.388126  34.093948   -2.182796
1713   11.520222  45.563408    1.147829
1716    5.901966  60.527954    0.055738
1719   -0.536491  55.199947    0.476130
1722   -4.122971  33.688919    0.757013
1725   13.471794  35.849472    0.023310
1728   12.582221  45.244686    0.761045
1731   11.516026  38.748234    1.142091
1734    4.611164  54.845284    0.296646
1737    8.983051  49.444073    0.928978
1740    4.663204  27.129417    0.064813
1743   -3.445045  21.479595   -0.447046
1746   10.573986  52.083115    0.648454
1749   -4.319601  29.647194    0.264975
1752   -1.084280  60.419434   -0.064600
1755   12.148617  41.291412    0.776830
1758   -3.511649  28.944956    0.561880
1761   14.001739  45.840179   -0.226210
1764    0.707520  62.761192   -0.189311
1767   10.079033  36.903419   -2.470535
1770    3.374515  33.309143    0.723361
1773    9.646011  51.377270    0.811025
1776   10.294815  38.616013    1.118559
1779    5.915901  49.027321    0.742975
1782   -0.381248  46.179562   -2.445110
1785   -2.361965  41.114532    0.978304
1788   12.731712  33.850151    0.268391
1791    2.260288  36.821869   -1.871002
1794   -4.282621  49.775845    0.305061
1797   -3.342328  54.818619   -0.118372
1800    2.200155  58.059063   -1.487091
1803    7.460209  61.963047   -0.058242
1806    5.389069  23.348486   -0.133223
1809   -2.084736  39.365406    1.023362
1812    4.907299  41.064342    0.688984
1815    3.729202  64.418991   -0.215589
1818    3.830418  56.389488    0.301143
1821    3.389633  27.019753    0.018146
1824   -0.984661  24.700027    0.454659
1827    7.892555  28.191845   -2.319447
1830   -2.327366  26.365257   -2.088417
1833   11.108425  33.501759    1.152759
1836    5.323807  28.238838   -1.869915
1839   10.645514  49.555981    0.972197
1842    9.068302  40.271210   -2.008640
1845   11.183147  56.984650   -0.008956
1848    5.926846  24.455961    0.038079
1851    3.191811  52.523132    0.704831
1854   -3.236076  40.512306   -2.617958
1857   -3.297099  49.305794    0.931799
1860   -1.871542  44.760658    1.286406
1863    1.521854  63.598709   -0.159257
1866   12.037407  39.204803    0.937694
1869   12.489596  33.922333    0.458113
1872   -1.704376  47.088768   -2.401402
1875   -1.008972  25.329733   -1.914860
1878   -1.193806  33.886238    0.946296
1881    3.463633  23.329842   -0.163674
1884    4.310917  48.372330   -2.104221
1887    8.798649  37.868523   -2.003742
1890   12.176017  30.413136   -1.097141
1893   11.684650  49.734577    0.615746
1896    2.155016  36.475983    0.851540
1899    6.115433  52.031326   -1.759239
1902    6.348327  23.231789    0.063669
1905    4.591923  60.884254   -0.053514
1908    1.962602  40.670952    0.832652
1911   12.465324  53.257523   -0.031589
1914    5.395649  47.623280    0.778902
1917    8.464977  43.173775   -2.283363
1920   10.940414  34.404587    1.189087
1923    0.723200  46.390987    0.996259
1926   -2.808951  53.315052    0.344374
1929   -4.716661  51.434174   -0.190344
1932    6.080389  31.361021   -2.174179
1935    5.635036  29.300591   -1.929314
1938    4.312592  26.076412   -0.071622
1941    8.092010  25.629555    0.667395
1944   12.555233  35.343025    0.574028
1947   -0.782864  42.006908   -2.521236
1950    5.049244  23.900143   -0.155147
1953    4.265743  65.483322   -0.475592
1956    6.863605  48.133495    0.770868
1959   12.997650  40.004440    0.459091
1962    4.538534  54.810989   -1.669441
1965    6.004204  55.076252    0.289971
1968    7.021942  63.628326   -0.286839
1971    1.439093  50.909172    0.833434
1974   -5.446153  37.072845   -0.248451
1977    1.297188  32.179607    0.692044
1980   -5.248972  52.334522   -0.541220
1983    4.191990  33.364777   -2.065857
1986    3.886223  24.305248   -0.120097
1989    1.418926  48.366859   -2.187321
1992    8.577988  51.157619    0.779277
1995   12.605750  44.245136   -1.914242
1998    7.576466  54.465084    0.366518
2001    9.751568  50.390308    0.916720
2004    1.101007  24.657482    0.120866
2007    1.468149  30.530573    0.627631
2010   -5.852335  39.133125   -0.219164
2013    1.261377  59.063587   -1.419395
2016    6.271622  42.909206    0.810009
2019   -4.873138  43.750980   -1.776346
2022    3.984344  27.804417    0.168292
2025    7.842781  59.270721   -1.313057
2028    7.164013  32.883259    0.913472
2031    3.540672  36.246067   -2.011391
2034    6.217529  28.376965    0.559182
2037   -3.496164  39.347027    1.090571
2040   -1.869467  31.483398    0.935137
2043   11.627598  46.304047    1.115311
2046   10.974358  26.368969    0.930698
2049    4.624563  29.743975   -1.894363
2052    6.102230  36.298500    0.893530
2055   -2.451033  58.480270   -0.117495
2058    8.141987  33.745857    1.117000
2061   13.815613  39.403988   -0.198296
2064   12.155441  40.027924    0.846644
2067   -4.008844  53.062378   -0.072260
2070   13.302219  34.759048    0.096943
2073    5.457962  33.716171    0.817886
2076    5.713398  61.799721   -0.139503
2079   -4.702216  35.557407    0.583372
2082    8.351037  25.388294   -1.908455
2085   11.425053  27.953922    0.726187
2088   10.933842  44.645275    1.205646
2091   -1.073708  27.308113   -2.171585
2094    2.108385  62.125416   -0.172104
2097    6.521900  36.592888   -1.950226
2100    8.402250  39.280426   -1.837093
2103    5.500137  23.166096   -0.107974
2106   -0.752239  58.210938    0.388665
2109    1.800011  34.412979   -2.173183
2112    0.242077  31.479839   -2.178902
2115    1.926998  47.015488   -2.291241
2118    1.721184  25.625261    0.128259
2121    4.894157  59.570782   -1.162899
2124   -1.666611  55.170509    0.413798
2127    2.740225  31.723488    0.632991
2130    1.057552  42.554173   -2.587051
2133    6.343288  52.642551    0.534423
2136    7.106220  30.356674   -2.339008
2139   -5.367785  33.176445   -0.385704
2142    4.291565  34.001331    0.828842
2145   -3.400475  36.700172    1.134864
2148    4.303062  25.638147   -0.084595
2151   -3.635950  35.435272    1.013201
2154    6.418799  33.510403   -2.169716
2157    3.648056  25.376324   -0.091378
2160    7.382473  23.721256    0.309460
2163    2.728369  27.723248    0.128243
2166    0.401491  57.675365    0.403665
2169   -3.077537  31.537996   -1.910030
2172    8.524048  32.927368    1.135526
2175    3.163181  45.680542    0.864314
2178    4.792480  31.816826    0.655900
2181   11.369891  53.534348    0.329947
2184    8.996929  35.005157    1.177171
2187    5.392665  59.527725    0.117073
2190   -0.646420  22.636578    0.055204
2193   11.652878  29.682178    0.699930
2196    7.356237  37.969364   -1.782425
2199   -1.537046  51.988636    0.965652
2202    6.532555  53.641220    0.379347
2205    9.514984  34.260685    1.252164
2208   10.511887  31.532997    1.326154
2211    9.318157  44.206314   -2.407761
2214   13.019863  41.270500    0.355696
2217   12.438342  41.271606   -2.031967
2220    2.035246  26.905697    0.122948
2223   -5.675414  35.774193   -0.063669
2226   -2.565130  24.963871    0.335236
2229   -3.862238  42.006527    0.914371
2232    6.128620  32.183182   -2.196316
2235   10.695474  27.391022   -1.905643
2238    1.918547  46.400993    0.903209
2241    7.665295  22.641163    0.258243
2244   -5.075399  27.972162   -0.422113
2247    7.165096  47.549603   -2.152256
2250    6.383596  29.705963   -2.150562
2253   -1.690660  59.707920   -0.114874
2256   11.537498  28.916592    0.684416
2259    1.080742  47.626488    0.947124
2262   -4.284071  30.978601    0.534094
2265   10.613327  30.626451    1.266918
2268   -3.665628  40.584946    0.969603
2271    6.909889  22.707443    0.137401
2274    5.136200  49.510941   -1.927586
2277   -4.628084  50.654198   -0.032970
2280    3.919518  39.471931   -1.548515
2283   -1.269371  22.481609    0.100781
2286   -4.356062  24.472004   -0.460300
2289    2.721088  51.511311    0.769645
2292    5.480328  57.786171   -1.491974
2295   -0.621317  44.668350    1.158673
2298   -4.463317  50.120445    0.137842
2301   -2.954037  41.586388   -2.623383
2304    0.251423  51.800507   -1.596081
2307    8.292732  39.967232    0.765492
2310    1.917156  62.023338   -0.180390
2313    8.336021  43.336872    0.848758
2316   -1.064735  28.820055    0.785073
2319    3.085667  34.201706   -2.135380
2322   -0.682556  43.085384   -2.600895
2325   13.517769  44.185112    0.442753
2328    7.864525  36.985973   -2.012096
2331    4.905762  36.117783    0.847062
2334   -1.063978  48.928131    1.087842
2337    0.071705  24.122768    0.178371
2340    8.148571  50.332348    0.826043
2343    6.009068  40.499954    0.686085
2346   -3.499928  25.860680    0.193590
2349   10.720328  39.793861    1.109366
2352   12.900499  36.229607   -1.716297
2355   -2.865562  29.584379   -2.167557
2358   10.597900  43.388962   -2.391312
2361    4.165581  35.110249    0.862506
2364   -1.843485  58.162903    0.118509
2367   -4.670285  31.926949    0.186090
2370   -4.781635  35.401218   -1.458482
2373   10.579296  43.555088    1.075385
2376    2.464973  63.757729   -0.040673
2379   -1.390617  42.232994    0.971662
2382    1.023567  29.996269   -2.074718
2385    3.207771  29.124853    0.482313
2388    5.190456  61.338764   -0.868305
2391   -0.812963  26.502708    0.577937
2394    1.611297  57.427048    0.333804
2397   11.848633  49.940704    0.515582
2400   -2.786702  22.650902   -0.092115
2403   14.065944  44.031364   -0.185690
2406    3.551861  46.741543   -2.267490
2409   -0.656296  31.784584   -2.269470
2412    5.002651  42.145554    0.776290
2415   -4.231060  31.441000   -1.354872
2418    2.864010  26.189610    0.004311
2421    1.425560  37.602180   -1.661842
2424    8.581837  42.082119    0.811395
2427    9.151699  21.825947    0.145718
2430    0.244890  43.887413    1.102509
2433   12.145668  27.261877    0.200665
2436   11.386730  40.097054    1.111354
2439    8.310478  41.279461   -2.198593
2442   10.356369  58.510471    0.083188
2445    4.370527  31.532072   -2.093754
2448   -0.638294  48.397518   -2.228603
2451    8.300674  48.733639   -2.048698
2454    1.519320  49.643314    0.855882
2457   11.784631  26.279720   -0.731476
2460   12.110160  31.148449    0.591545
2463    9.936938  44.957016    1.133071
2466    8.944747  25.385555    1.094957
2469    3.196636  62.633755   -0.828045
2472   11.968803  27.538317   -0.472347
2475   -2.223576  34.316174   -2.117764
2478    9.755447  46.718811   -2.301666
2481   -4.939917  29.303244   -0.355284
2484    8.660813  24.319164    0.819208
2487    0.532675  23.488926   -0.019164
2490   10.675373  45.448700    1.287813
2493   12.659584  36.114929    0.754152
2496    2.172993  56.478203   -1.555984
2499    5.781780  42.836739   -2.411434
2502   10.576252  29.819942    1.242979
2505   11.847748  28.283117    0.361200
2508   12.163284  28.236122    0.033510
2511    2.526211  51.017414   -1.644928
2514    0.641964  54.972534    0.476370
2517    4.356682  57.911194   -1.435642
2520   13.040131  38.675533    0.435947
2523    9.800106  45.953262    1.099286
2526    8.871624  39.154694    0.877412
2529   -0.861588  32.569759    0.823207
2532   -1.613068  56.632660   -1.588024
2535    7.969193  27.469662    0.833549
2538   -0.114357  58.495369   -1.567810
2541   10.279162  55.554512    0.403192
2544    6.867727  39.260811   -1.659103
2547   -0.322720  53.163982   -1.594452
2550   10.999455  29.654785   -1.926819
2553   -1.271881  37.522980    0.929761
2556    6.900738  59.841518    0.172505
2559    9.963730  50.720856   -2.264408
2562   -2.587802  52.263306    0.665445
2565    6.463440  43.982529   -2.306160
2568    0.195572  60.338558   -1.209618
2571    6.297946  31.639053    0.784773
2574    1.799339  63.014866   -0.166097
2577   13.017078  47.204647    0.532216
2580    6.037296  63.220188   -0.204207
2583    5.231754  53.669300    0.445498
2586    9.775986  46.874023    1.072966
2589   13.761307  38.166580    0.018753
2592    9.887514  20.873356    0.148962
2595    5.918121  37.951340   -1.662479
2598    5.233032  32.097336   -2.114006
2601    8.329849  62.107315   -0.107351
2604    8.707371  28.548183    1.052796
2607    9.532501  53.339149    0.613391
2610    5.549061  64.751923   -0.360364
2613   13.439376  41.999729    0.225317
2616    5.238018  27.906918    0.311530
2619    9.065201  45.323105    1.059552
2622    1.439482  37.921726    0.724927
2625    2.460058  65.143661   -0.227257
2628    9.385032  56.752331    0.299685
2631    2.531231  53.648026    0.642291
2634    7.812473  35.689209   -2.165550
2637    0.478556  60.167934    0.263435
2640    2.102091  48.576782    0.849895
2643   -1.053078  50.972572    1.098073
2646    3.058853  54.996758   -1.629772
2649   11.623384  30.845472   -1.562691
2652   -3.216526  55.532352   -0.080853
2655    1.904618  40.448822   -2.085884
2658    7.411278  38.846519    0.819216
2661   -0.918271  23.792095   -1.723495
2664    3.869186  27.756184    0.148537
2667   -0.605526  50.810299   -1.790157
2670    0.684242  52.955688    0.927669
2673   -3.010750  30.819954   -1.965023
2676    4.524025  35.353546   -2.091293
2679   -4.848182  43.520615    0.653605
2682    7.641285  57.960056    0.233075
2685    0.802574  45.787685   -2.411461
2688    1.555988  43.862858    1.021083
2691   -0.224920  49.865009    0.951922
2694   -4.691644  38.268661    0.564283
2697    5.173855  23.716621   -0.158136
2700   11.607262  24.960012    0.361967
2703    0.227631  38.522400   -1.630779
2706   -1.797475  38.600769   -2.345253
2709   -3.661674  30.249231   -1.836624
2712    7.448177  60.162006   -1.077042
2715    3.592478  49.640923   -1.939854
2718   -4.198744  47.253563    0.639406
2721   -0.056654  56.548370    0.470506
2724   13.875252  41.501236   -0.227367
2727    8.569388  48.379494    0.889676
2730   10.966823  27.358498    1.037192
2733    6.577232  50.031963    0.780084
2736    5.051247  64.167885   -0.325356
2739   -1.934723  43.931709   -2.659790
2742    9.560321  38.781563   -2.091370
2745   -4.386267  47.557926    0.552715
2748    6.119358  56.540310   -1.675636
2751    3.802738  53.657127    0.546668
2754    1.981796  26.531725    0.130570
2757    7.921264  37.877007    0.919928
2760    4.370621  32.721134    0.671160
2763   10.040243  37.912498   -2.267056
2766   11.543011  37.576736    1.267696
2769   10.054325  45.273243   -2.393738
2772    9.914497  54.554153    0.526105
2775    8.461174  58.437801    0.269464
2778    9.018578  27.571220    1.150366
2781    4.069439  62.119240   -0.823177
2784    6.711285  48.966312   -1.981892
2787   11.846591  32.837128   -1.915615
2790    9.466927  42.820110    0.868640
2793    6.302398  64.211609   -0.352227
2796    0.342777  29.194971    0.619885
2799   13.421501  44.077751   -1.395950
2802    5.038551  63.023380   -0.174743
2805    6.952394  35.159027   -2.216896
2808   -2.621174  50.702534   -2.013615
2811   -5.691148  43.874821    0.138597
2814    0.592861  23.290901   -0.060236
2817    9.028057  24.538921   -1.941422
2820   -1.681126  32.268192   -2.188118
2823    3.440346  36.246704    0.823359
2826    2.872558  38.417404   -1.541332
2829    2.235409  41.559227    0.891384
2832    3.375553  61.388348   -0.131226
2835    6.903385  51.180614    0.724326
2838   -5.644531  40.410629    0.071297
2841    5.047741  65.391624   -0.440489
2844    1.387926  53.635181    0.761176
2847   -5.380233  50.166832   -0.474590
2850   -1.775459  40.577065    0.955150
2853    3.412018  37.321983   -1.687771
2856    6.873241  61.852413   -0.086242
2859    8.158306  44.606537    0.983040
2862    7.940895  60.138969    0.195079
2865   11.977829  26.282400    0.241301
2868   10.380314  40.088104   -2.245403
2871   11.233083  25.358383   -1.164970
2874    5.723587  41.016571   -1.930912
2877    9.472256  44.060238    1.008741
2880    7.508583  49.172264    0.816775
2883    9.829659  36.167732    1.204494
2886   12.017204  33.568344    0.700136
2889    2.681652  30.449883    0.584860
2892    0.358171  28.108971    0.477908
2895   -3.406597  45.517258   -2.332939
2898   10.613654  26.213034   -1.678097
2901   -0.426277  52.899193    0.991550
2904    6.663188  58.530075    0.184576
2907    2.999184  25.552204   -0.053742
2910   -4.169388  32.615570   -1.524876
2913   11.311620  31.325943   -1.943981
2916    9.723743  28.144560    1.290391
2919    5.475327  58.055229    0.209895
2922   10.629616  48.235275   -2.154316
2925    2.276737  45.726135   -2.400654
2928    5.172009  63.185905   -0.189602
2931   13.968021  43.142513   -0.115961
2934    6.240059  40.143906   -1.667530
2937   -4.968520  42.207840    0.535002
2940    3.555380  48.208111    0.811944
2943    4.966858  37.111885   -1.777122
2946    8.537262  55.539845    0.295593
2949    4.349800  62.331562   -0.162930
2952    6.785087  35.215359    0.946799
2955    9.711082  56.503746    0.314380
2958    4.958397  39.912022    0.720798
2961    4.782038  40.402283   -1.684223
2964    4.435806  44.255505    0.864818
2967    7.703632  47.319172    0.837209
2970    5.605536  30.648138   -2.056347
2973    4.868279  49.961021    0.749351
2976    5.802155  26.813831    0.134305
2979    9.081055  53.565842   -2.244083
2982    9.812027  52.665485    0.657262
2985   -5.324203  35.152725    0.251392
2988    3.294937  31.856449    0.644078
2991   -2.439930  24.193270    0.317217
2994    2.020029  54.861992    0.399288
2997   -0.021954  51.848068    1.036031
3000    3.491768  56.033878   -1.630127
3003    8.060253  33.547058   -2.357662
3006   -2.042086  57.295223    0.048491
3009   -1.403549  36.782261   -1.838230
3012   -1.956215  26.127855    0.591006
DATA_COMPLETE
