variable listc
321
variable vLength
0
   0    3.965342  65.327377   -0.369901
   3   -6.666258  41.164574   -0.448320
   6   -2.921049  21.592726   -0.245188
   9   10.368500  21.471933    0.567275
  12   13.388825  40.802132    0.078604
  15    3.361284  60.253189    0.042393
  18    2.394783  25.217142    0.002162
  21   11.756386  40.760826   -2.358360
  24   -1.024494  53.344940   -1.646156
  27    8.244366  39.684597   -1.851189
  30   10.282566  36.314110    1.235383
  33   -0.334408  62.699036   -0.319632
  36   -4.220516  27.176205   -1.140554
  39    4.923824  22.611984   -0.807625
  42    2.256063  64.134476   -0.106193
  45    9.769449  47.662338   -2.228130
  48    0.272327  37.526768   -1.704124
  51   -2.324398  43.554691   -2.656849
  54    4.173744  44.768272    0.884826
  57   11.635162  24.544237    0.400206
  60   -0.720718  29.059933    0.757725
  63   10.246635  40.574165    0.977506
  66   -5.839367  45.175388   -1.168797
  69    9.618332  45.792870    1.073932
  72   11.855305  54.591618    0.030441
  75   13.374866  42.533154    0.364509
  78   -2.859680  20.861012   -0.984254
  81   -2.325855  39.775192   -2.732460
  84   11.470846  37.154388   -2.720955
  87    5.127590  64.416428   -0.349256
  90    5.432320  55.353027   -1.756447
  93   -5.395269  38.572628   -1.122059
  96   12.803832  51.730228   -1.261761
  99   11.970802  28.150753    0.220257
 102    9.728512  60.132259    0.157073
 105   -6.123932  41.904541   -1.307559
 108   -1.042572  29.109169   -2.307937
 111   -1.273998  33.308571   -2.110325
 114   -4.835831  51.701759   -1.880795
 117    3.527755  58.137589   -1.418728
 120    1.772491  47.893002    0.887500
 123    6.268406  29.877136    0.702662
 126   13.651327  45.994514   -1.109066
 129    7.825306  22.562019    0.259357
 132    8.389339  55.159252   -2.074604
 135    2.586441  30.575237   -2.084949
 138    4.606113  61.282166   -0.107676
 141    1.536936  45.742413   -2.402931
 144    0.622055  49.902813   -1.926968
 147    2.758375  34.486973   -2.091606
 150    2.222046  54.927376    0.374161
 153   -4.468521  54.464996   -0.676353
 156   -1.508980  32.986290    0.935622
 159    6.609058  38.316101    0.781753
 162    5.510624  25.551468   -0.008898
 165    4.242088  38.504723   -1.558487
 168   -5.859562  48.577309   -1.174141
 171    2.740225  31.723488    0.632991
 174   -2.676178  46.495758    1.343871
 177   13.563667  38.732773    0.067312
 180    7.381733  35.846996   -2.114014
 183    9.322253  25.874886   -2.103004
 186    2.104689  23.176779   -1.258259
 189   13.062049  48.755219    0.308241
 192    2.284990  35.931229    0.836158
 195   10.908294  57.524303   -1.046535
 198   -1.181068  53.832268    0.700002
 201   -0.454987  25.520834   -1.886444
 204   -2.134364  60.140095   -0.346731
 207    2.508419  51.672764    0.771454
 210   -3.705395  23.966969   -1.437630
 213    7.707256  62.268024   -0.086679
 216    8.858295  51.059467    0.802632
 219    8.788657  27.123056    1.067034
 222    7.123420  42.563126    0.791881
 225    2.750854  27.153618    0.062859
 228   11.647316  31.544037    0.927788
 231    3.214203  40.510639    0.751580
 234   10.356014  33.484154   -2.775299
 237    1.538191  41.390949   -2.583733
 240    0.293245  57.480598    0.418618
 243    5.486748  52.655373    0.556458
 246    9.019852  51.605247   -2.353794
 249    6.072987  48.520298    0.753041
 252    6.702030  34.175594    0.970116
 255    6.292919  28.530922   -2.104046
 258   -0.366010  22.293293   -1.346180
 261   -3.292816  57.395050   -0.465412
 264    1.659702  60.725361    0.026702
 267   -5.457395  34.022114   -0.111197
 270   -0.707787  39.409531    0.938109
 273   -2.910072  36.541962    1.175488
 276   -2.345116  47.607872   -2.414959
 279   -3.568982  36.298080   -2.187229
 282    5.185013  49.144291   -1.989178
 285   -4.689716  30.731182   -1.065038
 288    0.360241  43.680859    1.108894
 291   10.600651  21.013260   -0.494835
 294    6.314213  32.269569   -2.263256
 297    5.359657  45.468971   -2.417110
 300   13.355079  34.588200   -0.655407
 303    9.859375  43.816681   -2.432163
 306    5.743111  41.996002   -2.416214
 309   -1.810452  50.134914    1.141299
 312    6.853675  58.406673    0.196892
 315    9.834591  29.809929   -2.600292
 318   -3.462975  41.997597    0.999431
DATA_COMPLETE
