variable listc
3045
variable vLength
0
   0  -11.501184 -13.494322   -6.079667
   3   -0.128060 -40.728168   -5.063926
   6   -3.251211 -65.304344   -4.082146
   9  -18.691401 -65.395508   -4.289984
  12  -22.214319 -45.009026   -4.583932
  15  -11.557400 -22.186754   -4.468092
  18  -11.536931 -37.172810   -3.713793
  21  -12.339113 -50.798180   -3.389223
  24  -11.243710 -62.695877   -4.117927
  27  -12.123869 -44.082668   -3.555096
  30  -11.646356 -17.763670   -6.899443
  33  -11.428564 -36.551746   -7.317896
  36  -11.302109 -51.048347   -6.771963
  39  -11.712658 -62.183178   -5.491175
  42  -11.491494 -44.690704   -7.036513
  45  -14.201315 -24.425718   -7.274578
  48  -10.562760 -31.658569   -7.515411
  51  -15.931301 -44.014812   -3.268337
  54  -20.283779 -34.869110   -6.825933
  57  -16.273138 -33.241135   -7.276506
  60   -0.240040 -36.844906   -5.842670
  63  -14.300536 -59.681797   -5.974688
  66  -21.347555 -44.712154   -5.954674
  69   -8.041244 -27.357271   -7.685081
  72  -17.522898 -38.261143   -3.110934
  75  -16.280367 -62.977612   -4.123405
  78  -14.321927 -57.504932   -3.385083
  81   -9.502611 -57.631191   -3.870423
  84   -1.325218 -28.819340   -5.357794
  87  -17.302658 -54.383282   -6.806587
  90   -1.039465 -38.904770   -6.273402
  93  -20.216307 -41.171394   -6.900823
  96   -3.884207 -51.009949   -3.678847
  99  -10.334200 -38.608124   -3.720154
 102   -7.358902 -54.067688   -6.806039
 105  -16.216831 -54.659134   -3.013729
 108  -10.364786 -20.851448   -4.667293
 111  -12.610074 -55.105907   -6.419762
 114  -17.795317 -59.020512   -6.502997
 117  -16.677652 -42.466663   -7.257634
 120   -5.935455 -40.529991   -3.640517
 123   -9.125038 -53.866848   -6.654800
 126   -5.014537 -37.298702   -7.452146
 129   -7.511234 -31.611666   -7.714094
 132  -18.289370 -26.353245   -6.865367
 135   -3.455896 -52.890720   -6.597769
 138  -11.890190 -20.983774   -7.236135
 141  -13.862090 -47.935310   -6.920534
 144  -12.201214 -19.151274   -6.964046
 147  -12.172520 -16.315392   -6.803640
 150   -3.497458 -36.859673   -7.482580
 153  -18.128738 -53.285706   -6.904036
 156   -3.486687 -34.835430   -7.424145
 159   -2.158559 -37.269928   -7.061399
 162   -8.084095 -48.072342   -3.485409
 165  -10.071983 -43.226864   -3.661637
 168  -16.025352 -27.811871   -3.573029
 171  -14.445263 -51.870071   -6.768343
 174  -21.249449 -38.027847   -4.193647
 177  -11.320289 -52.943588   -3.503629
 180  -11.143700 -47.147724   -3.480762
 183   -8.412394 -35.651585   -3.964391
 186   -5.385168 -53.617783   -3.521677
 189  -20.216331 -51.215271   -3.825021
 192  -11.295181 -27.549105   -7.404247
 195  -22.098326 -39.137951   -4.556828
 198   -3.635775 -52.255478   -3.675882
 201   -9.587910 -52.088020   -6.717197
 204   -4.879082 -44.410492   -3.507901
 207   -1.809362 -42.895710   -4.100924
 210  -15.709566 -20.808342   -4.716250
 213  -11.538550 -48.725609   -3.446362
 216  -16.908506 -53.335468   -3.039930
 219   -8.627649 -49.574474   -3.489928
 222   -7.936961 -59.004726   -6.299588
 225  -10.733739 -22.157049   -7.353615
 228  -21.649975 -43.265793   -6.187908
 231   -2.476047 -33.559280   -4.278948
 234  -12.828379 -38.272949   -7.132072
 237   -0.968129 -42.471931   -4.573081
 240   -7.387039 -26.173008   -7.532793
 243  -11.834414 -37.065010   -7.251722
 246  -11.064519 -59.394047   -3.879683
 249   -5.332000 -27.236113   -4.370437
 252   -5.205707 -57.258598   -3.772197
 255  -22.239861 -43.813881   -4.922478
 258  -17.311729 -19.129829   -6.127240
 261   -9.369705 -63.834728   -5.222965
 264   -3.712737 -41.947769   -3.586581
 267   -8.684352 -40.895351   -3.696810
 270   -2.366397 -54.946033   -4.006741
 273   -3.158370 -61.928173   -5.836168
 276   -9.582952 -44.029007   -7.048193
 279  -16.487629 -57.099583   -3.204221
 282   -2.441680 -55.842365   -6.089918
 285  -14.768827 -59.413143   -3.611430
 288   -2.044191 -30.480179   -4.872765
 291  -11.930849 -43.529472   -3.600319
 294   -7.162987 -22.950703   -4.541467
 297  -17.912815 -32.294563   -7.212271
 300  -15.399966 -58.084984   -3.288856
 303  -21.132835 -47.282627   -4.182932
 306  -15.736232 -60.617691   -3.774781
 309  -20.758972 -42.460129   -6.745411
 312   -8.956003 -15.930320   -6.435860
 315   -5.590491 -18.490650   -5.757041
 318   -3.341118 -61.358929   -4.016472
 321  -11.003970 -57.452305   -6.073583
 324  -22.821466 -38.916862   -5.470314
 327   -8.505127 -18.585232   -6.673317
 330  -13.555532 -53.703583   -6.587073
 333   -6.017077 -29.325590   -7.563934
 336   -1.550496 -49.792854   -4.316712
 339  -22.837824 -39.819950   -5.508756
 342  -21.799683 -49.674553   -4.685865
 345  -13.524541 -39.416042   -3.426363
 348  -21.013493 -44.271732   -4.124757
 351   -0.343186 -33.318321   -5.653556
 354   -2.021966 -39.128956   -4.178605
 357  -15.726762 -62.482899   -5.922515
 360  -18.757193 -55.318806   -3.512051
 363  -20.441679 -54.187370   -4.086568
 366   -5.100539 -30.207563   -7.511919
 369   -2.842634 -29.884527   -6.854813
 372   -9.613704 -45.703777   -6.977706
 375   -4.118282 -54.586437   -3.557911
 378   -5.512189 -36.195126   -3.842507
 381  -12.104255 -26.277689   -4.194442
 384   -7.066351 -57.294945   -6.607958
 387  -13.349816 -36.651104   -7.232707
 390   -8.679474 -16.243187   -5.288418
 393  -13.619919 -62.194870   -3.814395
 396   -3.930781 -49.898144   -6.825857
 399   -1.987954 -40.189323   -6.807053
 402   -0.691118 -48.679688   -5.319820
 405   -7.363406 -50.377502   -3.464484
 408  -15.347267 -30.979107   -3.467263
 411  -19.947088 -32.927193   -4.254253
 414   -5.078000 -24.171776   -4.473618
 417  -18.777578 -50.498428   -3.370157
 420  -14.123443 -15.214335   -6.268482
 423  -16.930616 -21.001942   -5.020984
 426   -8.134183 -52.675934   -6.800928
 429  -14.253160 -35.709534   -3.415758
 432   -8.361412 -63.889801   -4.984109
 435   -7.002047 -47.569927   -7.049115
 438   -2.132665 -56.553112   -4.179186
 441   -9.752823 -33.041668   -4.019855
 444   -4.073543 -33.376637   -7.399923
 447  -19.539961 -32.353493   -6.871370
 450  -12.323083 -58.132957   -5.658307
 453   -3.014972 -60.400394   -5.735037
 456  -11.136620 -15.516455   -5.166800
 459   -2.269769 -44.683186   -6.653551
 462  -12.433952 -19.216461   -4.759793
 465  -18.638083 -25.047699   -4.951588
 468   -4.268560 -38.897194   -7.461365
 471   -1.702029 -51.352745   -4.362496
 474   -9.401935 -17.658113   -4.926147
 477  -12.366506 -59.948071   -5.475351
 480  -12.571809 -63.721516   -5.338129
 483  -18.042736 -56.876549   -3.413848
 486  -22.569368 -37.881348   -5.455473
 489   -8.326747 -33.978500   -4.045852
 492  -20.111559 -55.535828   -3.924429
 495  -16.415655 -31.540359   -7.362633
 498  -18.596140 -55.453056   -6.591784
 501  -20.627619 -31.445442   -4.675331
 504  -14.460549 -61.052910   -3.776707
 507   -8.434702 -52.961742   -3.577366
 510  -21.991205 -47.251369   -5.120561
 513  -21.144587 -35.676533   -6.224504
 516  -17.812401 -62.169102   -4.004204
 519  -11.046553 -22.163198   -4.521414
 522   -1.263334 -46.889629   -4.402211
 525  -18.840506 -22.373373   -5.339318
 528   -4.947912 -19.878777   -5.473078
 531  -18.047325 -27.753771   -7.020221
 534  -15.181451 -53.742599   -3.128874
 537  -16.770132 -39.608223   -3.132844
 540  -13.865714 -56.405537   -3.346724
 543   -2.117093 -29.468456   -4.867966
 546   -0.877682 -51.207779   -5.237876
 549  -14.915801 -63.756638   -4.705861
 552   -2.469292 -24.903784   -5.312669
 555  -20.382713 -44.141571   -6.747450
 558   -7.819346 -28.816557   -4.294885
 561  -15.058087 -18.045298   -6.506355
 564  -16.644333 -46.279816   -7.162701
 567  -21.507057 -45.974953   -4.434556
 570  -13.093818 -29.221657   -3.891786
 573   -5.837336 -59.718300   -3.782022
 576   -5.646339 -46.848335   -7.178170
 579  -10.180563 -42.505100   -7.064335
 582   -7.080815 -22.250237   -7.199247
 585   -5.186719 -49.196171   -3.484528
 588   -2.349735 -63.068405   -5.019907
 591  -15.507378 -19.122271   -6.519131
 594   -9.692802 -39.542442   -7.039344
 597   -0.944005 -52.763760   -5.337160
 600   -8.968251 -14.527220   -5.771137
 603  -15.059009 -58.725224   -6.151085
 606  -20.793018 -27.439583   -5.797330
 609   -8.138691 -30.380816   -7.601198
 612   -3.522563 -51.262325   -6.701377
 615   -8.923243 -60.641537   -5.810764
 618  -14.106482 -30.122040   -3.744708
 621  -11.149470 -39.703594   -7.038123
 624   -5.348391 -64.740135   -5.353959
 627  -20.773956 -33.863186   -4.396934
 630   -4.971895 -55.304756   -6.912383
 633  -19.035814 -40.008698   -7.349108
 636  -15.399636 -45.713661   -3.383765
 639  -13.344549 -32.163490   -7.347456
 642   -9.090858 -22.925215   -7.404588
 645  -13.691729 -44.570816   -7.093995
 648  -12.705577 -57.378624   -3.630652
 651   -9.980980 -47.642460   -6.942326
 654   -4.823061 -21.963327   -6.393474
 657   -6.546757 -60.842949   -6.353271
 660  -11.869006 -32.901066   -7.302303
 663  -20.159513 -49.708649   -3.758472
 666  -18.469662 -21.087090   -5.969097
 669  -13.828078 -35.216068   -7.281217
 672  -16.576439 -61.978207   -3.915809
 675  -20.070156 -25.101604   -5.573832
 678  -14.410393 -47.505295   -3.367176
 681   -1.882354 -60.618397   -4.708029
 684   -2.640909 -31.398352   -6.886880
 687  -19.432819 -61.448059   -5.469777
 690   -4.317157 -29.847908   -4.256740
 693  -13.453395 -58.814342   -5.715229
 696   -6.894042 -62.415695   -5.997005
 699   -5.876484 -34.906620   -3.942718
 702   -4.776026 -55.998737   -3.742611
 705  -10.092316 -61.982094   -5.448038
 708   -2.124504 -37.642460   -4.134870
 711   -7.837399 -46.649727   -3.531956
 714  -14.949442 -36.880054   -7.198949
 717   -5.340562 -52.316078   -7.210857
 720   -9.853460 -15.046124   -5.249001
 723  -13.218882 -20.148319   -6.988041
 726  -18.921200 -28.019304   -3.903832
 729  -20.128115 -45.014709   -3.752576
 732  -11.640916 -37.549927   -3.726402
 735  -11.679978 -47.834015   -6.900170
 738   -4.124952 -57.861782   -6.361068
 741   -4.042317 -23.507328   -4.880403
 744   -8.597633 -26.053974   -4.445898
 747   -9.268338 -58.727554   -6.069447
 750  -17.542418 -63.511806   -4.233267
 753  -12.897376 -30.812378   -3.901098
 756  -21.728453 -31.880991   -5.779180
 759  -16.107368 -48.990459   -3.184341
 762  -17.668577 -35.934219   -3.226958
 765  -21.215097 -53.233631   -5.085561
 768  -10.728384 -14.261395   -6.557650
 771  -13.565905 -53.595879   -3.314695
 774  -12.862720 -17.722008   -6.914917
 777   -6.738204 -26.273829   -4.456193
 780   -5.707091 -31.189478   -4.151147
 783  -11.821340 -35.515938   -7.297621
 786  -21.135771 -48.630520   -5.935431
 789  -20.372957 -33.570599   -6.683497
 792   -1.476505 -43.052757   -6.344999
 795  -20.326412 -46.312172   -3.883996
 798   -7.111462 -43.121140   -3.611439
 801   -0.916190 -41.800468   -6.274152
 804  -21.135592 -28.301388   -5.169291
 807   -7.737179 -60.745583   -6.087946
 810  -16.694832 -57.829319   -6.688355
 813  -18.854738 -44.010014   -3.415757
 816  -14.846715 -41.525795   -3.310507
 819  -16.690939 -23.961079   -6.984555
 822  -14.668070 -38.365829   -3.370996
 825  -17.766184 -47.413879   -7.170935
 828   -0.735153 -31.219913   -5.953002
 831  -17.119514 -60.342754   -6.399912
 834   -6.870894 -45.921494   -7.102692
 837  -10.951451 -27.185198   -4.197450
 840  -11.978693 -21.064810   -4.575785
 843  -14.570110 -54.940662   -6.418628
 846  -20.070784 -37.036858   -3.727246
 849   -3.141260 -39.556198   -7.232289
 852   -4.536830 -23.252840   -6.525383
 855  -17.840178 -20.208765   -6.149899
 858  -17.943825 -31.047892   -3.684057
 861   -8.094461 -17.459711   -5.138674
 864   -8.291437 -43.995422   -3.648450
 867  -17.497183 -22.249004   -4.759814
 870   -6.839493 -29.723932   -4.239860
 873   -0.794891 -30.022438   -5.611000
 876   -3.736135 -65.699631   -4.113910
 879   -2.717291 -58.562527   -5.658355
 882   -9.434231 -35.487194   -7.309225
 885   -7.275758 -49.541126   -7.008243
 888   -7.178211 -29.613865   -7.708341
 891  -14.541130 -30.792509   -7.415611
 894  -16.912251 -55.868530   -3.118943
 897   -9.994280 -35.889896   -3.901234
 900  -12.360494 -34.200478   -7.244268
 903  -16.066341 -19.643534   -5.210105
 906   -5.551180 -38.754978   -7.346481
 909  -14.589005 -17.339375   -5.455673
 912   -7.158456 -28.302061   -7.619668
 915  -19.825846 -63.348289   -4.451487
 918   -5.353931 -58.267117   -6.663785
 921  -13.755542 -26.271885   -7.325140
 924   -3.401027 -58.979534   -3.818893
 927   -9.773244 -17.670443   -6.657017
 930    0.000000   0.000000    0.000000
 933  -19.817545 -50.806629   -6.379716
 936   -4.365544 -20.930817   -5.309909
 939   -4.689850 -26.453121   -6.877201
 942  -13.981940 -40.562122   -3.362756
 945  -12.796365 -63.264458   -4.199114
 948  -11.337626 -30.181675   -7.409247
 951   -4.478295 -35.276051   -3.804521
 954  -16.915092 -58.259209   -3.292195
 957  -11.798467 -29.728045   -4.022931
 960   -0.953620 -37.501080   -6.484594
 963   -7.067733 -32.949402   -7.670236
 966   -7.014836 -53.610748   -3.614419
 969  -19.190556 -53.727394   -3.632655
 972  -18.902973 -48.459461   -7.030352
 975  -21.328840 -36.514584   -4.202837
 978  -12.570299 -46.732101   -6.913656
 981   -0.241522 -35.590702   -5.364781
 984   -9.307248 -25.056215   -4.489945
 987  -13.513991 -27.473337   -3.923246
 990  -10.367096 -54.344376   -6.538903
 993   -7.217653 -20.606575   -6.919453
 996  -16.712591 -34.927498   -7.322296
 999   -2.202093 -36.297329   -4.156052
1002  -19.916178 -39.946606   -3.573476
1005   -0.510197 -32.308922   -5.371233
1008  -15.673068 -41.099651   -7.233447
1011  -11.191978 -32.562893   -3.962049
1014   -3.444436 -41.228252   -7.253066
1017  -13.156117 -34.540619   -3.655819
1020   -2.366468 -34.429470   -6.935544
1023   -9.863655 -16.440161   -6.643394
1026  -14.314211 -44.471828   -3.477605
1029   -1.309198 -47.682243   -6.042834
1032  -10.769461 -34.166859   -3.946568
1035  -16.280178 -42.487339   -3.148906
1038  -15.628260 -39.451561   -7.129843
1041   -9.572632 -22.228428   -4.570963
1044   -8.484362 -34.326942   -7.485346
1047  -11.498275 -61.012222   -5.373319
1050  -13.060549 -22.247293   -4.345531
1053   -7.353459 -61.556366   -3.951732
1056  -16.991175 -64.169235   -5.199966
1059  -19.507011 -64.535583   -4.681890
1062   -2.541009 -65.326920   -5.048625
1065  -15.139639 -25.436304   -7.329143
1068  -20.957222 -54.340050   -5.136611
1071   -3.829403 -29.112677   -7.180696
1074  -10.248107 -31.706924   -4.083159
1077  -11.268328 -19.620770   -4.755177
1080  -13.305326 -43.480106   -3.522068
1083   -2.861186 -35.455864   -3.923661
1086   -4.885623 -64.547882   -4.293166
1089   -8.606744 -50.697533   -6.857249
1092   -5.775936 -20.179447   -6.622537
1095   -3.287861 -55.740292   -3.765321
1098  -19.614445 -43.042301   -7.193055
1101  -20.530363 -31.242712   -6.467497
1104  -14.960178 -32.314995   -7.323405
1107   -0.995467 -53.688358   -5.275292
1110   -9.103135 -31.625174   -4.136531
1113  -17.491402 -51.724609   -3.074004
1116  -20.214111 -52.032185   -6.010485
1119   -2.909568 -54.181187   -6.345107
1122  -10.598354 -29.949593   -4.109297
1125  -14.323324 -33.818684   -3.489597
1128  -14.726004 -20.139223   -4.679098
1131  -22.604036 -42.827007   -5.203658
1134   -4.983742 -34.385666   -7.667971
1137   -2.682279 -42.534943   -6.857820
1140   -6.046693 -25.475174   -7.259705
1143   -6.235978 -26.728794   -7.343754
1146   -7.040709 -18.377922   -5.036967
1149   -2.234018 -44.451733   -3.909695
1152   -0.754587 -41.436802   -4.737360
1155   -9.890793 -19.372381   -6.991561
1158  -18.566059 -22.092617   -6.177692
1161  -16.106524 -52.694653   -6.841113
1164  -15.663686 -47.685856   -3.272206
1167  -21.748995 -38.456783   -6.300096
1170  -13.630384 -58.815475   -3.651095
1173  -11.078252 -14.440771   -5.302054
1176  -13.873674 -43.118362   -7.084185
1179   -5.574344 -33.778316   -3.956475
1182  -18.009848 -54.366249   -3.269019
1185  -19.362066 -31.000166   -6.881569
1188   -5.553356 -56.962982   -6.751272
1191  -21.079575 -50.895287   -5.383718
1194  -16.473406 -55.253349   -6.548618
1197   -6.401110 -23.983416   -7.113643
1200   -9.519084 -55.764698   -6.476286
1203   -4.258730 -52.337967   -7.059141
1206   -2.858263 -59.984257   -3.983555
1209  -19.101416 -35.933014   -3.556387
1212   -5.511521 -61.417458   -6.383321
1215  -16.837906 -29.960434   -3.440580
1218   -5.041374 -28.654810   -4.335617
1221   -2.951679 -26.697521   -4.974716
1224   -2.610687 -50.272320   -6.311280
1227  -11.096651 -46.490505   -6.950859
1230  -13.856045 -46.128178   -3.476489
1233  -19.455978 -38.483810   -3.483288
1236  -10.913472 -13.462852   -5.902085
1239   -4.954812 -50.448166   -3.481252
1242   -7.298329 -59.866306   -3.899000
1245  -17.630543 -49.184113   -3.175184
1248   -2.209235 -32.073486   -4.635439
1251   -0.217838 -45.788456   -5.097727
1254   -4.846055 -31.709930   -7.388826
1257  -15.739182 -21.857590   -6.882897
1260   -9.606690 -27.823833   -7.587727
1263  -21.603212 -40.168144   -6.471695
1266  -16.767933 -31.563044   -3.331330
1269  -19.309618 -25.953777   -6.456272
1272   -4.840926 -58.685577   -3.698910
1275  -15.285191 -23.563046   -7.119841
1278  -16.761055 -36.949749   -3.154275
1281  -19.600533 -56.624874   -6.128050
1284  -17.766790 -40.599255   -3.136284
1287   -9.766167 -57.088520   -6.305852
1290  -18.556170 -58.032001   -3.602678
1293  -18.442171 -57.555450   -6.424673
1296  -17.710844 -35.731899   -7.347380
1299   -6.365468 -28.015331   -4.367756
1302   -0.935938 -43.835758   -4.517692
1305  -13.562008 -32.972092   -3.664999
1308   -8.573165 -60.667225   -3.996366
1311  -21.914839 -46.156155   -5.390224
1314  -22.659420 -41.790287   -5.431965
1317   -0.978474 -39.965397   -4.596755
1320  -14.538656 -22.750235   -4.096934
1323   -6.391380 -32.289360   -4.095460
1326  -10.909988 -18.417238   -6.883181
1329   -8.122751 -55.461765   -6.623862
1332   -6.698143 -45.363480   -3.566429
1335   -9.710064 -46.389378   -3.536643
1338  -17.399343 -28.739079   -3.526424
1341  -15.886210 -63.806217   -5.000688
1344   -6.852219 -42.094849   -7.125127
1347  -19.927685 -28.912228   -4.711115
1350  -10.584990 -25.587849   -4.386946
1353  -19.100790 -44.650341   -7.221802
1356   -1.748705 -29.790714   -6.419513
1359  -15.245973 -60.308346   -6.359641
1362  -14.542859 -55.069778   -3.217375
1365  -17.812469 -33.996929   -7.311347
1368  -18.332777 -39.311993   -3.220446
1371   -4.792945 -43.006218   -3.472483
1374   -7.480986 -63.073776   -4.180515
1377   -4.891936 -28.835369   -7.328898
1380   -5.347326 -63.113705   -5.991790
1383   -3.645364 -27.757078   -4.424780
1386  -21.711840 -36.855919   -5.844320
1389  -10.612491 -54.711376   -3.658395
1392  -13.015024 -55.358574   -3.435224
1395  -21.810875 -41.755310   -4.354486
1398  -10.411642 -26.223289   -7.417601
1401  -18.459715 -37.375065   -3.266876
1404  -10.000092 -55.975372   -3.740083
1407  -11.672032 -63.943878   -4.746227
1410   -7.565386 -24.923252   -4.497492
1413   -8.623978 -42.035625   -7.105077
1416  -22.804415 -40.817169   -5.031172
1419  -16.037695 -61.268242   -6.392232
1422   -2.083905 -61.805069   -4.743699
1425   -9.779495 -52.781151   -3.555449
1428  -15.310117 -53.801632   -6.645047
1431  -10.777703 -52.729637   -6.640885
1434  -19.662676 -56.695557   -3.968319
1437  -19.247293 -62.708290   -5.292620
1440  -12.985440 -50.760319   -3.382182
1443    0.165510 -38.096924   -5.724656
1446   -6.756564 -52.623188   -7.009406
1449  -16.521917 -46.513123   -3.267840
1452   -4.561986 -47.856857   -7.231961
1455  -15.506816 -29.205496   -3.556296
1458   -6.400110 -24.281252   -4.474873
1461   -1.394518 -56.810261   -5.400107
1464  -13.722196 -63.753944   -4.912197
1467  -20.871820 -48.622517   -4.059664
1470  -21.366682 -52.043575   -4.924145
1473  -10.024251 -20.960997   -7.253959
1476  -17.915945 -24.980476   -6.863946
1479  -17.221855 -47.833130   -3.166074
1482   -1.737162 -27.326183   -5.691154
1485   -9.457822 -30.397253   -4.193331
1488   -4.163166 -46.363583   -7.161823
1491  -12.250611 -31.422939   -7.468584
1494  -12.817864 -36.546062   -3.631509
1497   -0.904741 -38.323410   -4.776092
1500  -15.412060 -16.945093   -6.397201
1503   -7.465961 -40.280144   -3.701332
1506  -14.420209 -50.002632   -6.878530
1509  -15.404413 -23.866783   -4.040022
1512  -18.630079 -26.347597   -4.487584
1515  -18.241098 -52.785500   -3.295159
1518  -10.965479 -61.023647   -3.996470
1521   -4.374551 -53.284634   -3.465245
1524  -12.800154 -49.276489   -6.860359
1527   -9.036205 -31.551807   -7.598052
1530   -4.833115 -43.868935   -7.291523
1533   -8.500538 -56.139923   -3.838101
1536  -20.046345 -62.300110   -4.705750
1539  -19.996946 -38.201870   -7.177657
1542   -3.615973 -21.856430   -5.480076
1545   -5.268456 -25.539423   -4.399286
1548  -17.634811 -29.398993   -7.249155
1551  -11.136461 -44.944157   -3.581403
1554  -18.799255 -50.951206   -6.955441
1557  -14.162275 -17.219498   -6.720708
1560  -14.650029 -43.085617   -3.395799
1563  -22.453657 -37.160580   -4.615520
1566   -2.585964 -57.868008   -4.118449
1569  -17.394688 -45.185200   -3.232374
1572   -2.364756 -47.386997   -3.955210
1575  -15.205431 -34.564167   -7.293896
1578  -17.997692 -49.495785   -7.087327
1581  -13.876798 -57.605911   -5.847436
1584   -3.398681 -43.463604   -3.509446
1587   -1.034432 -52.086124   -4.739058
1590   -8.455385 -57.107372   -6.458968
1593  -13.540917 -60.112907   -3.780796
1596  -19.491009 -59.747078   -3.896322
1599  -14.361025 -22.335304   -7.107252
1602   -0.272877 -34.403934   -5.310950
1605   -2.141510 -26.101730   -5.629148
1608   -9.719687 -59.473354   -3.942599
1611   -4.658036 -41.016243   -3.552537
1614   -6.201402 -49.910423   -3.448662
1617   -2.828320 -32.959332   -7.042881
1620   -8.350379 -45.414734   -3.586835
1623  -22.204733 -35.140953   -5.563772
1626   -9.934229 -41.383461   -3.703455
1629   -3.128510 -22.720816   -5.727480
1632   -3.299296 -38.146957   -7.375602
1635  -11.594717 -56.086861   -3.605249
1638  -14.481221 -52.214787   -3.226981
1641  -10.601515 -18.211760   -4.839977
1644  -11.940248 -23.394716   -7.436658
1647   -7.163872 -41.584217   -3.642276
1650  -15.035250 -29.032019   -7.269002
1653  -12.451448 -31.914881   -3.876269
1656  -16.231709 -30.146406   -7.347301
1659  -21.799198 -41.558285   -6.245404
1662   -3.392417 -34.144638   -3.907824
1665   -1.838516 -40.776405   -4.138179
1668  -10.322699 -23.670406   -7.410568
1671   -7.306562 -63.903088   -5.286015
1674   -7.029900 -37.062695   -3.837677
1677  -12.404400 -56.717007   -6.070027
1680  -13.651250 -16.345324   -5.404729
1683  -10.092739 -24.893200   -7.397251
1686   -1.246115 -45.355042   -4.355521
1689   -3.445598 -48.888615   -6.826590
1692  -14.902375 -42.269482   -7.159322
1695  -17.973982 -30.861521   -7.280122
1698  -18.866663 -62.792690   -4.096601
1701   -5.057013 -45.500526   -3.469587
1704   -7.786910 -31.743771   -4.152315
1707  -13.345928 -21.413387   -7.138158
1710   -5.890244 -42.191193   -3.578460
1713  -15.002342 -62.462017   -3.881858
1716   -6.191222 -27.940584   -7.403649
1719  -13.069990 -49.245056   -3.454189
1722  -19.219881 -58.902229   -5.961071
1725   -9.357615 -39.640965   -3.694800
1728   -2.534365 -28.401854   -6.488659
1731  -12.090458 -24.689251   -4.320541
1734  -15.834872 -50.844612   -6.946046
1737   -5.080020 -47.962337   -3.436979
1740   -4.831969 -39.344830   -3.587785
1743  -20.831953 -39.224617   -3.948779
1746   -5.635633 -42.364388   -7.182091
1749   -5.634772 -29.742924   -4.265164
1752  -17.478380 -56.281025   -6.765059
1755  -13.818587 -56.240082   -6.064284
1758   -0.120144 -42.182873   -5.481077
1761   -1.497591 -33.711449   -6.459617
1764  -14.952218 -26.927229   -3.803550
1767   -5.871665 -35.424793   -7.706324
1770  -19.535152 -27.384777   -6.442317
1773  -10.248528 -60.427837   -5.495440
1776  -19.180613 -28.386349   -6.718544
1779   -3.362395 -63.034912   -4.033613
1782  -13.492278 -25.609531   -4.073669
1785  -21.956320 -48.447159   -4.813931
1788   -2.189552 -53.027824   -5.986827
1791   -8.507491 -32.797405   -7.621024
1794  -11.890966 -13.383721   -6.046049
1797   -1.927968 -53.870136   -4.239827
1800  -17.091583 -25.027777   -4.326005
1803  -14.221985 -46.229687   -6.984785
1806  -17.209661 -60.692776   -3.683661
1809  -14.430354 -19.856480   -6.829158
1812   -2.515234 -45.757603   -3.836804
1815   -4.362768 -33.595924   -3.970340
1818  -18.563004 -41.619884   -7.376464
1821  -20.842194 -55.543671   -5.377172
1824  -11.777983 -34.980175   -3.825955
1827   -2.711343 -36.038303   -7.187582
1830  -14.862947 -16.050270   -6.246691
1833   -4.243811 -53.860580   -6.910226
1836  -21.446980 -29.632526   -5.071362
1839  -20.095663 -46.929501   -6.609203
1842  -17.928205 -64.761292   -4.593462
1845  -10.598140 -23.969755   -4.474448
1848  -20.506559 -58.045990   -5.295238
1851  -15.829618 -51.445721   -3.071060
1854  -10.974115 -44.893726   -7.005833
1857  -17.884062 -46.640289   -3.278768
1860   -8.066895 -27.361689   -4.364004
1863  -18.523705 -29.649809   -3.850540
1866   -8.494514 -20.461109   -4.717876
1869  -19.108383 -33.801044   -7.103603
1872  -12.280325 -33.507626   -3.830493
1875   -9.204274 -49.134762   -6.898907
1878  -14.256122 -38.482151   -7.141940
1881  -18.854660 -36.892536   -7.371405
1884   -7.464560 -25.008947   -7.346830
1887   -8.591354 -17.100336   -6.373307
1890  -16.115870 -38.214664   -3.208787
1893  -12.151157 -42.341824   -7.076553
1896   -4.297709 -56.497231   -6.619467
1899   -0.113695 -43.465931   -5.588641
1902   -7.473041 -51.263187   -6.945985
1905   -7.312166 -51.903488   -3.498275
1908   -0.484580 -47.722191   -4.914539
1911   -6.863566 -19.246552   -6.670041
1914   -6.734383 -58.193096   -3.862439
1917   -0.547286 -49.579174   -5.114270
1920   -9.573434 -47.794170   -3.485607
1923   -1.417655 -35.918392   -6.588752
1926  -12.330609 -40.596840   -3.540365
1929  -14.593476 -49.060116   -3.363309
1932  -17.296459 -51.895100   -7.028601
1935  -10.265209 -36.684479   -7.296908
1938  -11.835418 -53.858406   -6.552314
1941  -17.503202 -43.452103   -3.117187
1944   -8.441815 -46.282093   -6.994331
1947   -3.580884 -44.897530   -3.526907
1950   -4.347033 -42.207550   -7.273545
1953  -12.544877 -52.345497   -6.667560
1956   -2.220167 -28.091267   -4.961685
1959   -5.278632 -59.694077   -6.614020
1962  -13.628746 -19.180737   -4.810553
1965  -19.075443 -51.806278   -3.439258
1968  -20.280670 -52.677227   -3.987039
1971  -10.866514 -16.680296   -6.776282
1974  -12.829370 -27.479641   -7.243667
1977   -8.142385 -15.417813   -5.544927
1980   -6.151740 -51.188637   -3.458117
1983  -15.252768 -45.208572   -7.124322
1986   -9.265455 -54.612743   -3.717827
1989  -19.927691 -45.840961   -6.823776
1992  -18.902172 -65.309547   -4.632141
1995  -19.912510 -53.415604   -6.126486
1998  -19.600100 -58.215851   -4.089038
2001  -17.001915 -40.815796   -7.294239
2004  -16.515709 -44.274704   -7.239393
2007  -16.744556 -23.583565   -4.350497
2010   -1.082474 -35.002178   -6.248836
2013   -4.333591 -40.332821   -7.372690
2016  -11.996053 -23.221952   -4.361017
2019  -15.931395 -22.206833   -4.328705
2022  -18.202358 -62.027927   -5.820355
2025  -10.773169 -40.233009   -3.680976
2028  -17.982071 -23.480333   -6.634235
2031  -20.880701 -56.702393   -4.606726
2034   -6.960380 -33.612236   -4.025665
2037  -19.453398 -54.628597   -6.274215
2040  -20.387747 -41.304043   -3.773020
2043   -6.586591 -59.064453   -6.560180
2046  -15.614288 -50.267864   -3.143569
2049   -2.987384 -57.113270   -6.033730
2052  -11.199152 -15.451750   -6.701138
2055   -3.614209 -64.448082   -3.914744
2058  -12.768856 -52.287075   -3.411239
2061   -5.003214 -32.495567   -4.077526
2064  -12.431110 -15.570514   -5.237799
2067  -11.096948 -43.350349   -7.044188
2070  -18.275248 -32.886936   -3.642955
2073  -18.762621 -45.416145   -3.377693
2076  -18.917318 -24.377317   -6.507485
2079   -5.968920 -55.024128   -3.731217
2082  -11.832296 -17.701492   -6.891145
2085   -3.679579 -36.841805   -3.660094
2088   -1.090908 -54.640923   -4.937791
2091   -9.918006 -13.726857   -5.668188
2094   -1.530858 -32.177189   -6.541867
2097  -12.841544 -38.026562   -3.554861
2100  -19.059790 -31.725107   -4.009562
2103  -13.423368 -23.975159   -4.194109
2106  -21.552223 -40.438515   -4.253980
2109   -3.986290 -63.094555   -6.020807
2112  -12.238858 -28.066828   -4.016809
2115   -2.983117 -26.983887   -6.521783
2118   -6.568918 -43.957829   -7.205959
2121   -2.360998 -41.970192   -3.915854
2124   -2.708958 -51.835026   -3.982845
2127   -8.175735 -44.769073   -7.081201
2130  -11.535078 -31.215748   -4.021935
2133   -3.971851 -59.430424   -6.256155
2136  -12.165091 -29.013466   -7.315324
2139   -9.563301 -27.216846   -4.289556
2142   -4.526234 -65.624214   -5.054089
2145   -9.759526 -41.051746   -7.059867
2148  -21.586029 -30.754078   -5.260995
2151   -2.700750 -46.193413   -6.693947
2154  -20.963802 -45.990353   -6.181783
2157  -19.690477 -60.112911   -5.478513
2160  -15.660712 -33.748383   -3.212187
2163   -8.794353 -62.483025   -4.108259
2166   -8.892528 -24.483143   -7.413632
2169  -10.513714 -64.060188   -5.157692
2172  -11.077015 -38.382641   -7.137850
2175  -20.479401 -49.627415   -6.172453
2178   -4.893378 -51.022491   -7.069076
2181   -7.295012 -16.344328   -5.972087
2184   -2.184977 -41.402790   -6.866323
2187   -0.242972 -46.748055   -5.690014
2190   -6.314350 -36.827339   -7.451679
2193   -8.578820 -62.299831   -5.624645
2196  -19.133612 -47.198921   -7.046559
2199  -18.788286 -52.266171   -6.854519
2202  -18.691521 -63.942070   -5.098117
2205   -4.916867 -51.933960   -3.418968
2208   -5.975577 -31.672255   -7.604743
2211   -1.892699 -38.622822   -6.795108
2214  -20.825846 -37.575951   -6.698821
2217  -13.479599 -41.463036   -7.137973
2220  -17.321795 -37.387989   -7.280307
2223   -8.279911 -48.105610   -6.976968
2226  -11.943295 -26.191608   -7.343405
2229   -2.746334 -50.354797   -3.960658
2232   -6.859206 -30.909386   -4.203546
2235  -11.561028 -51.034637   -6.747297
2238  -12.537748 -45.355953   -6.983263
2241  -18.542173 -38.546848   -7.351307
2244   -2.809638 -23.701015   -5.290205
2247   -8.878389 -26.052845   -7.497865
2250  -14.531196 -21.107122   -6.980662
2253   -8.643652 -42.480614   -3.659526
2256   -0.105434 -39.355854   -5.561654
2259  -14.359997 -50.616623   -3.241068
2262  -17.855480 -63.151203   -5.481122
2265   -8.517564 -18.709719   -4.849257
2268  -20.891644 -32.497776   -6.322923
2271  -16.313648 -40.979866   -3.185209
2274  -16.832869 -26.763222   -7.114944
2277  -19.977133 -47.723904   -3.695090
2280   -6.760801 -39.665337   -7.177460
2283   -7.985159 -40.665833   -7.046022
2286  -11.988264 -17.991850   -4.932696
2289   -1.591099 -50.151878   -5.735238
2292  -14.288836 -40.335930   -7.120965
2295   -8.578876 -51.143570   -3.519665
2298  -22.558435 -36.050129   -5.158340
2301   -6.083859 -52.495491   -3.483182
2304  -14.489808 -28.500443   -3.734446
2307  -12.792278 -47.656868   -3.424238
2310   -6.692080 -56.354782   -3.837855
2313  -19.110090 -49.104088   -3.488034
2316   -7.616137 -35.850174   -7.430220
2319  -11.085318 -16.948195   -4.957062
2322   -2.040657 -48.723568   -6.141433
2325   -5.140027 -24.765278   -6.926107
2328   -6.706825 -48.844025   -3.433977
2331  -18.423698 -46.207272   -7.218209
2334  -18.747173 -63.979214   -4.190003
2337  -15.408098 -47.266850   -6.985996
2340  -12.235970 -44.075157   -7.054430
2343  -11.289488 -41.266029   -7.089664
2346  -11.731094 -62.503998   -5.494411
2349  -13.766889 -18.651945   -6.833034
2352  -16.466410 -35.405975   -3.136464
2355   -9.291481 -28.873255   -4.222116
2358  -10.216295 -50.529797   -6.787973
2361   -9.739877 -19.531097   -4.791992
2364   -8.303220 -30.193432   -4.242110
2367  -14.705606 -61.570320   -6.172014
2370   -3.435863 -24.433279   -6.336028
2373   -6.278908 -64.151367   -4.809692
2376   -7.713738 -54.700100   -3.768331
2379  -18.260498 -23.501701   -4.881061
2382  -16.331234 -26.137281   -3.937886
2385   -9.370922 -34.663933   -3.982133
2388   -4.634434 -62.129250   -3.743639
2391   -7.737188 -23.360050   -7.304998
2394   -1.344746 -33.495014   -4.758262
2397   -3.434049 -38.534107   -3.601889
2400   -9.960894 -15.219953   -6.687452
2403   -5.779304 -53.988987   -7.097567
2406  -11.421383 -36.026554   -3.817582
2409  -12.844242 -24.842161   -7.403926
2412  -20.560804 -35.369072   -4.043467
2415  -15.398675 -36.717415   -3.205994
2418   -5.016468 -27.658804   -7.158496
2421   -0.850462 -50.501671   -4.768001
2424   -8.821939 -23.606890   -4.534244
2427  -17.567518 -26.992613   -3.670029
2430  -10.830090 -59.135792   -5.626947
2433  -13.236073 -41.898872   -3.485584
2436   -3.597008 -55.201717   -6.605504
2439  -19.113909 -35.380901   -7.234899
2442  -13.686369 -60.759270   -5.880365
2445   -1.749943 -59.302746   -4.665710
2448   -8.585797 -38.018692   -3.776823
2451   -6.045978 -21.506975   -6.948137
2454  -17.795719 -59.578644   -3.417686
2457   -3.866468 -49.492897   -3.702679
2460   -5.064561 -46.720047   -3.391913
2463   -9.754037 -44.849743   -3.616341
2466  -15.297565 -56.231037   -6.195951
2469  -11.006527 -49.212162   -6.868887
2472  -16.219404 -59.309532   -6.602174
2475   -6.742445 -19.895611   -4.977371
2478   -2.527920 -51.839100   -6.228115
2481   -9.918145 -61.359898   -4.066264
2484  -14.944935 -25.164288   -3.950830
2487  -13.074043 -30.446909   -7.414350
2490  -11.438359 -24.922052   -7.356616
2493   -5.582069 -33.095310   -7.608656
2496   -5.209856 -37.686283   -3.725893
2499  -11.924246 -39.174957   -3.581908
2502  -19.905117 -30.397402   -4.327362
2505   -4.327902 -31.191757   -4.219064
2508   -1.236791 -55.663334   -4.690446
2511  -13.222132 -17.897501   -5.103447
2514   -9.445168 -37.993866   -7.193132
2517  -15.970551 -37.995804   -7.156165
2520   -5.036262 -49.358727   -7.187085
2523  -13.535238 -23.339039   -7.277420
2526  -12.733180 -61.244686   -5.626357
2529  -13.915849 -33.445076   -7.251801
2532  -10.179032 -49.312515   -3.475799
2535  -19.084909 -40.851707   -3.368325
2538  -16.466667 -18.582726   -6.161461
2541  -15.537093 -49.165455   -6.975595
2544   -2.386572 -64.121284   -4.889485
2547    0.239825 -40.771664   -5.406282
2550   -3.605316 -25.136524   -4.846685
2553  -18.055014 -43.220650   -7.349665
2556  -22.292877 -44.900711   -4.994854
2559  -13.520027 -16.208822   -6.650910
2562  -11.066506 -55.768475   -6.389333
2565  -12.699873 -39.918476   -7.070540
2568  -15.576087 -43.492855   -7.167548
2571  -20.587730 -39.490574   -6.969863
2574  -10.880274 -51.738113   -3.509323
2577  -16.137892 -36.357647   -7.257180
2580  -11.405491 -41.878342   -3.625873
2583   -6.183497 -21.348446   -4.763916
2586   -3.319140 -30.573639   -4.423441
2589  -17.191288 -50.444439   -7.055600
2592  -10.693683 -28.882309   -7.390253
2595  -14.162130 -27.656511   -7.122278
2598  -20.396124 -59.181671   -4.782262
2601  -20.072191 -36.406681   -6.812167
2604  -17.294554 -39.470615   -7.234140
2607  -12.337718 -22.189459   -7.309187
2610   -6.612241 -55.745808   -6.772369
2613   -7.162908 -37.888561   -7.294147
2616  -16.760006 -48.318863   -7.066327
2619  -10.973236 -57.703957   -3.813520
2622  -14.898117 -18.756788   -5.131318
2625  -12.391317 -60.705650   -3.862653
2628  -18.467829 -60.496250   -5.988001
2631  -16.412022 -25.394115   -7.138088
2634  -20.404261 -30.123039   -6.343789
2637  -17.618969 -42.057770   -3.134315
2640  -19.242867 -46.533913   -3.490102
2643  -15.678050 -20.469093   -6.744994
2646   -4.202559 -26.438978   -4.488253
2649  -20.431921 -28.880182   -6.153566
2652   -3.854755 -27.951061   -6.966246
2655  -21.886402 -32.792664   -5.081141
2658   -1.764402 -30.792717   -6.588037
2661   -6.288203 -50.689724   -7.111871
2664  -13.071764 -50.750538   -6.765347
2667  -11.638792 -50.493370   -3.492007
2670   -6.163272 -44.084152   -3.578533
2673  -18.978016 -42.117321   -3.406592
2676  -15.476918 -26.941738   -7.215944
2679   -8.288616 -43.403793   -7.136345
2682  -16.013910 -17.609791   -5.726514
2685   -3.726068 -25.694416   -6.491325
2688   -5.810896 -61.256676   -3.770410
2691  -17.178888 -34.287884   -3.260244
2694  -17.174778 -50.324421   -3.121246
2697  -22.081440 -35.045200   -4.526973
2700  -17.057327 -61.761189   -6.123079
2703   -6.267384 -38.562515   -3.709181
2706   -9.680597 -29.985046   -7.469884
2709   -4.430349 -61.221207   -6.352509
2712  -19.669483 -27.584595   -4.781888
2715   -8.045345 -38.932514   -7.151855
2718   -1.415721 -46.004139   -6.159432
2721  -18.624107 -47.855145   -3.346144
2724  -12.349438 -59.083565   -3.763283
2727   -8.210974 -58.816093   -3.927348
2730  -20.088150 -48.128586   -6.591830
2733   -5.327322 -22.562160   -4.591532
2736  -16.308815 -59.651688   -3.525819
2739  -14.632398 -21.568966   -4.288310
2742   -1.547536 -57.928699   -5.144201
2745  -21.128263 -47.369061   -5.889886
2748   -3.059318 -53.388702   -3.773298
2751  -12.202403 -14.759153   -5.454700
2754  -21.110157 -42.830708   -4.272473
2757  -18.621759 -60.633236   -3.649165
2760  -19.990450 -43.177521   -3.741690
2763   -1.854759 -54.582394   -5.824328
2766   -8.562542 -19.929625   -6.999412
2769  -14.060839 -31.502480   -3.681086
2772   -8.326270 -32.797039   -4.080359
2775  -15.185419 -32.395901   -3.383622
2778   -6.443073 -17.281372   -5.525152
2781  -12.146747 -54.104584   -3.494830
2784  -19.386496 -49.709496   -6.747076
2787  -12.971945 -13.936748   -6.286848
2790   -5.513953 -45.169670   -7.251145
2793  -12.270918 -16.846092   -5.040704
2796  -10.275489 -34.383064   -7.284869
2799   -3.506588 -66.137611   -5.318114
2802  -11.779943 -62.078812   -4.011143
2805   -3.875576 -45.023212   -7.216734
2808   -6.395846 -30.632763   -7.721169
2811   -8.727406 -36.750916   -3.902537
2814   -6.032487 -48.506702   -7.164676
2817   -3.575904 -46.349957   -3.532108
2820   -1.827938 -52.724445   -4.357630
2823  -13.512650 -29.118967   -7.297954
2826   -1.499372 -34.934689   -4.523112
2829  -10.313904 -37.321369   -3.814657
2832   -1.349657 -48.333229   -4.324053
2835   -2.722306 -47.541439   -6.756043
2838  -15.160028 -39.745403   -3.306602
2841   -3.625453 -32.116039   -7.136756
2844   -1.753687 -51.399822   -5.822426
2847  -10.031482 -33.120697   -7.468265
2850  -22.423784 -33.888683   -5.127461
2853   -3.191024 -29.074198   -4.518593
2856  -16.546810 -28.334740   -7.213284
2859   -8.499475 -36.998245   -7.295055
2862   -4.415321 -60.417732   -3.657884
2865   -5.796553 -40.763710   -7.181468
2868  -18.788061 -34.285065   -3.655322
2871  -15.393364 -56.319901   -3.118336
2874  -16.756220 -32.922501   -3.269397
2877  -16.801983 -62.917881   -5.737617
2880   -0.109782 -44.667439   -5.221386
2883   -0.816460 -40.408821   -6.261768
2886  -13.983285 -37.159748   -3.434705
2889  -11.150257 -20.057667   -7.075482
2892  -19.693594 -24.092131   -5.392083
2895  -21.477674 -34.116035   -6.097337
2898   -7.897214 -57.481247   -3.894350
2901  -15.158614 -57.473629   -6.142851
2904  -13.492533 -20.718607   -4.499990
2907  -17.576242 -44.998665   -7.324314
2910   -7.936502 -21.788271   -4.599562
2913   -8.666353 -28.837683   -7.599992
2916   -6.868881 -34.393578   -7.670906
2919   -7.815022 -39.145447   -3.723223
2922   -3.298969 -43.628258   -7.001785
2925   -3.794863 -64.688850   -5.818495
2928   -6.242610 -62.771622   -3.921561
2931  -16.902599 -20.724520   -6.552584
2934  -12.798368 -44.802528   -3.549270
2937  -10.329312 -62.920177   -4.292467
2940   -3.772261 -57.345081   -3.798959
2943  -15.306092 -35.105953   -3.212392
2946   -7.315249 -17.966154   -6.455564
2949   -2.681075 -48.868877   -3.857067
2952   -3.649169 -47.863655   -3.608313
2955   -1.018436 -36.874329   -4.751013
2958  -12.189811 -46.182388   -3.519125
2961  -16.169735 -52.563904   -3.034032
2964  -13.406350 -62.554726   -5.816459
2967   -6.530270 -47.426064   -3.444669
2970   -4.555261 -35.842266   -7.753683
2973   -9.951760 -50.650806   -3.530843
2976  -13.493721 -14.618575   -5.680234
2979  -19.015026 -29.753788   -6.957709
2982   -3.517483 -32.329479   -4.275830
2985  -20.326864 -26.293074   -5.369246
2988  -14.583960 -62.845268   -5.655474
2991   -8.597834 -21.588139   -7.192626
2994  -11.860785 -14.515608   -6.519213
2997   -1.028222 -44.468750   -6.100333
3000   -3.944024 -30.474220   -7.231107
3003  -21.438093 -50.827110   -4.344263
3006   -1.334071 -31.264383   -5.114351
3009  -16.450819 -56.521290   -6.517070
3012   -3.280192 -40.301888   -3.735155
3015  -12.936311 -15.288308   -6.543003
3018   -4.775012 -63.373184   -3.896484
3021  -10.623367 -28.523447   -4.127917
3024  -19.523119 -23.141809   -5.895911
3027  -17.026621 -22.491880   -6.728390
3030  -10.000536 -16.429523   -5.054007
3033   -5.727228 -22.959053   -6.955931
3036  -20.201263 -60.900448   -4.469456
3039   -7.218065 -35.261097   -3.942744
3042  -19.113419 -61.654194   -3.940741
DATA_COMPLETE
