variable listc
315
variable vLength
0
   0   -1.210460   2.657907    0.637357
   3  -10.997415 -27.575008    0.740530
   6   -7.702794 -48.505489    0.717300
   9    7.801274 -49.086891    0.508471
  12   10.029975 -24.861790    0.731782
  15   -0.017447   2.370967   -0.271333
  18    1.653431 -37.060226   -1.247473
  21    3.189335 -47.437130    0.606103
  24   -6.716938 -29.423031   -1.509588
  27   -4.613663  -6.357228   -0.922622
  30   -6.352578  -3.763032    0.687022
  33   -6.792433 -28.401667    1.961015
  36    4.087185 -17.243271   -0.839850
  39   -0.649973 -47.801056   -0.383375
  42    4.529305 -10.393069    1.700933
  45    8.507254 -37.645313    0.911820
  48   -2.899843 -12.760334    1.798699
  51   -4.021465 -48.204353   -1.109195
  54   -6.048239 -25.232788    2.041239
  57   -9.240450 -37.676632   -0.878953
  60   -6.252746 -21.686747    1.748683
  63   -6.257399 -33.865463   -1.636526
  66   -9.869882 -24.533131    1.214619
  69   -5.395282 -22.642284   -0.980977
  72   -2.761538 -28.518032    2.082818
  75   -9.645824 -12.175835   -0.700023
  78   -2.133831 -19.580706    2.043837
  81    2.653728 -23.561125    1.757249
  84   -4.327456 -44.023830   -1.461520
  87    3.436085 -42.988117   -1.086193
  90    1.080664 -27.758673   -1.063821
  93    6.834006 -48.397358   -0.773898
  96   -0.882687 -23.928801   -0.808861
  99    2.974119  -8.302693   -0.981007
 102  -10.103561 -21.465208   -0.519740
 105   -1.611115  -8.286360    2.053694
 108    2.184448 -11.814334   -0.817663
 111   -9.553680 -18.280636    0.783807
 114    4.978605 -34.868229    1.752196
 117   -8.527285  -9.732115    0.670712
 120    6.587243  -6.749610   -0.529699
 123    4.506138  -3.133945   -0.477093
 126    4.756693 -14.032752    1.441881
 129   -5.494480 -36.152420    1.959056
 132   -2.832308 -31.003633   -1.133069
 135   -4.753525 -39.375748   -1.530365
 138  -10.796949 -27.406092   -0.527657
 141    9.133772 -30.727484    1.049985
 144    3.879128  -5.326565    0.917238
 147   -5.067884  -9.541329    1.222247
 150   -4.147951 -43.629982    1.301811
 153   -1.266188 -36.861004    1.714386
 156   -8.144352 -44.762432   -0.991112
 159   -4.616751 -26.304134   -1.090940
 162    1.982525  -7.853237    1.757225
 165    7.962818 -41.122494    1.010504
 168    1.791428 -19.745852   -0.706975
 171   -1.262939  -8.574613   -0.831373
 174   -7.681831  -6.610735    0.761584
 177   -1.978291  -2.003305    1.224216
 180    5.012390 -34.963383   -1.261199
 183   -5.824205 -18.678392   -1.011087
 186    0.403408 -15.904195   -0.823911
 189   -2.048487 -12.620831   -0.820697
 192    8.037905 -13.596257   -0.683896
 195   -3.531576 -16.338488    1.616376
 198    5.185284 -29.707298    1.936401
 201   -0.063326 -40.798485   -1.117893
 204   -2.836058   1.221241    0.598316
 207   -2.963097  -4.803607    1.438918
 210    9.053378 -34.225716   -0.770897
 213    0.504946  -4.525643   -0.788272
 216    1.250639 -32.321682   -1.006433
 219    0.946316  -3.821128    1.969559
 222    1.047642 -11.577070    2.085371
 225   -1.578873 -24.172970    1.936694
 228    7.923889 -16.751434    1.095314
 231    6.588721 -23.016857   -0.929988
 234    1.539249 -32.241386    1.677405
 237   -6.264041 -32.253727    1.958206
 240   -4.894142 -39.577339    1.855264
 243    4.493704 -39.204502    1.728657
 246   -9.613676 -15.303129   -0.884868
 249    7.413514 -44.483635   -0.968583
 252    6.993480 -10.074584   -0.745607
 255   -1.660574 -19.960529   -0.758116
 258    9.214170 -19.766489   -0.611793
 261    0.000001   0.000000    0.000002
 264    4.758581 -26.129339   -1.146585
 267    8.876248 -26.921688   -0.756522
 270    0.074093 -44.667461    1.060993
 273  -10.001808 -30.925453    0.914237
 276   -8.793231 -41.323524    0.790610
 279    5.535639 -19.777702    1.878533
 282   -4.953279  -1.159816   -0.399211
 285    0.623089 -15.669972    1.821228
 288    2.713734  -0.257338   -0.431355
 291   -9.963245 -34.730686    0.798573
 294    5.389230 -30.135984   -1.514894
 297   -2.449350 -36.080856   -1.386109
 300   -2.333448 -32.515793    1.879356
 303   -7.378513 -48.076820   -0.372328
 306   -6.482811 -15.376763    1.437003
 309    9.572251 -23.457420   -0.509269
 312   -5.976748 -12.705244   -1.122284
DATA_COMPLETE
