variable listc
3015
variable vLength
0
   0   -5.735610 -13.857725   -1.346782
   3  -16.951565 -43.044643   -0.455706
   6  -12.490689 -67.260895   -0.529954
   9    1.784158 -68.662872   -2.817067
  12    5.480309 -40.623043   -1.826264
  15   -1.118114 -59.932812   -0.229788
  18  -11.305044 -21.597012   -1.714331
  21   -6.192601 -47.389030    0.041161
  24   -3.103068 -34.449661    0.012964
  27   -6.736574 -45.956379   -3.172411
  30    4.284412 -30.887304   -1.893950
  33  -15.891073 -35.212246   -1.731170
  36  -17.360798 -41.257645   -1.049503
  39   -3.345927 -49.369774   -0.000923
  42  -14.082981 -36.133110    0.241181
  45  -14.354998 -40.551346   -2.436828
  48    5.651022 -42.609005   -1.998045
  51    4.394998 -42.657166   -1.340893
  54  -14.794622 -42.074383   -2.298442
  57   -4.443321 -34.912979    0.071788
  60   -2.270302 -23.436731   -0.286722
  63   -9.282583 -50.626728    0.140244
  66   -9.087807 -64.945648   -2.203307
  69   -0.984610 -45.043068   -3.316688
  72    3.147039 -47.201141   -0.758434
  75  -13.963762 -54.834408    0.232077
  78  -14.825703 -57.020664   -0.045519
  81    2.111616 -64.150322   -3.277406
  84  -12.652601 -43.421207    0.695002
  87  -10.530338 -34.160389   -3.159096
  90    2.842028 -57.507576   -3.178645
  93   -4.615372 -65.487717   -1.793532
  96   -1.083444 -57.104897   -0.098024
  99   -3.626457 -65.185562   -2.681537
 102   -6.114537 -56.003468   -0.288587
 105   -0.312043 -19.092592   -1.498365
 108   -8.328634 -15.334094   -1.550092
 111   -3.219212 -18.195663   -0.959029
 114    5.544201 -37.330639   -1.844844
 117   -9.734224 -23.976122    0.345601
 120   -8.871357 -41.051571    0.434622
 123  -12.828977 -54.417377   -2.782488
 126  -12.217807 -26.830151   -2.399474
 129    3.979482 -28.763426   -1.936852
 132  -11.401719 -29.633820    0.492423
 135    1.455160 -43.330353   -3.484066
 138  -16.373432 -53.410965   -0.659235
 141   -3.297506 -25.020512   -2.578375
 144  -15.106171 -61.543716   -1.155856
 147    2.355406 -50.928589   -3.482555
 150  -13.206493 -26.462605   -0.000908
 153  -10.161114 -63.686398   -2.615668
 156  -10.183043 -55.864861   -3.039847
 159   -7.766294 -26.769329    0.366256
 162   -7.832355 -52.971336   -0.139357
 165   -0.874977 -67.621704   -2.923285
 168  -12.948611 -58.833179    0.257279
 171   -9.905285 -46.950054   -3.320236
 174  -10.448757 -54.293644   -3.091858
 177   -6.812332 -53.373981   -2.831637
 180   -0.517564 -18.237871   -1.535324
 183   -9.904819 -48.530281   -3.444037
 186   -8.989322 -35.856953    0.454437
 189   -7.288869 -41.703575   -3.120100
 192  -13.647701 -33.636631   -2.625375
 195   -7.350788 -21.635479   -2.448455
 198  -11.559520 -40.017521    0.758292
 201   -0.235710 -63.811630   -3.551859
 204  -10.530327 -41.279190    0.681173
 207   -3.118889 -46.394840   -0.003230
 210   -2.040179 -60.887955   -0.513242
 213   -1.084713 -51.512848   -3.179594
 216   -7.192189 -18.944324   -0.420823
 219   -4.532755 -26.109074   -2.569144
 222    4.689759 -54.538628   -2.319687
 225  -12.541418 -56.119423   -2.782588
 228   -0.569059 -28.848356   -0.100740
 231   -1.517738 -66.116875   -3.223655
 234   -6.790696 -17.528778   -0.704606
 237   -5.324115 -28.207443    0.201120
 240    1.294559 -60.303246   -0.632828
 243    4.993886 -52.114998   -2.085157
 246   -8.031069 -23.953110   -0.002919
 249  -15.221540 -34.792812   -0.056806
 252  -15.945322 -47.420593   -0.157708
 255    3.239770 -43.768314   -0.805939
 258    5.443029 -40.537933   -1.761208
 261    1.136808 -24.220093   -2.599798
 264  -16.259203 -37.948723   -1.805397
 267  -15.692397 -33.231438   -0.208335
 270   -5.401098 -30.762400   -2.721672
 273   -0.046722 -21.905521   -1.023845
 276   -6.975177 -35.453979   -3.150102
 279   -2.610801 -16.972630   -1.385893
 282    1.437091 -53.023403   -0.176174
 285    0.228545 -36.253891   -3.373407
 288   -7.835124 -54.441147   -2.895606
 291  -10.386105 -35.049778    0.723923
 294   -9.915226 -41.114319   -3.214127
 297   -3.683463 -23.611408   -0.258852
 300  -11.029966 -18.291130   -1.477347
 303   -7.510416 -64.732803   -2.358363
 306   -1.734877 -56.895042   -3.149389
 309   -0.681424 -32.711430    0.057951
 312    0.758135 -64.272148   -1.415898
 315  -13.101400 -62.812534   -1.812312
 318  -10.423897 -56.105839    0.167265
 321   -7.477747 -55.876053   -2.851729
 324   -5.940577 -62.671295   -2.436696
 327  -12.927617 -66.396088   -1.224548
 330  -12.893604 -64.126694   -0.399815
 333    1.426227 -67.691750   -3.266788
 336  -13.050767 -51.339733   -2.830360
 339    1.319813 -37.632935   -3.487776
 342    1.862629 -47.942665   -0.368749
 345   -8.809431 -55.989872   -2.929915
 348  -15.591618 -26.752794   -1.045105
 351    3.743093 -51.323162   -1.282221
 354  -14.609900 -39.190632    0.342455
 357  -10.269884 -22.298500    0.168650
 360    1.220507 -63.053635   -3.491787
 363  -11.307830 -26.778358    0.431016
 366    2.648413 -35.275951   -0.715068
 369   -5.875914 -65.268654   -2.414033
 372  -11.601299 -49.061882   -3.300991
 375   -0.403299 -24.116568   -2.704602
 378   -9.599348 -30.028522    0.477435
 381  -13.293730 -25.811712   -1.818618
 384   -7.004330 -61.292206   -2.488559
 387   -4.265901 -25.949682   -0.020254
 390   -9.789906 -45.372528   -3.222639
 393   -2.209613 -63.300465   -1.276830
 396   -8.528791 -48.121075   -3.338923
 399  -16.777454 -50.674408   -1.117269
 402   -0.166511 -53.583427    0.029934
 405  -17.353514 -37.258522   -0.579019
 408  -12.394867 -59.398952   -2.625332
 411  -10.173641 -52.873802   -2.999405
 414    1.289389 -49.850857   -3.549929
 417   -0.619801 -20.185844   -2.375382
 420   -0.246859 -27.178862   -0.282909
 423   -5.312943 -14.813140   -1.958287
 426  -15.383785 -50.368744   -0.173039
 429    1.854994 -44.660458   -3.485743
 432   -9.513718 -20.347092   -2.190156
 435  -14.882743 -25.823381   -0.444275
 438   -4.556955 -22.316101   -0.216378
 441    2.925919 -42.236988   -0.620132
 444  -11.691188 -53.441734   -3.142798
 447   -3.078094 -49.319931   -3.036578
 450  -11.956549 -25.266359    0.292634
 453   -1.523299 -21.886957   -0.556333
 456   -0.860422 -37.776596   -3.332842
 459   -8.613873 -18.221996   -0.528780
 462    1.821553 -65.331215   -1.862400
 465  -10.237461 -36.726295   -3.377187
 468    2.483040 -27.551207   -1.118188
 471   -7.711498 -56.037651   -0.237275
 474   -5.473316 -48.205997   -3.247307
 477   -1.626193 -27.540291    0.008818
 480  -11.863889 -67.023537   -0.584353
 483   -2.475223 -58.264145   -2.991851
 486   -6.281576 -42.854420   -3.100560
 489   -0.690414 -59.855370   -3.364565
 492    2.230730 -55.955154   -3.358785
 495    5.485434 -43.710941   -2.153660
 498   -7.782497 -34.237774   -2.893139
 501  -14.358136 -48.606987   -2.468588
 504    2.045706 -66.723511   -2.026662
 507  -10.986137 -66.518127   -1.249878
 510   -6.464772 -61.868950   -0.737530
 513   -9.700127 -59.282894   -2.908683
 516  -15.810740 -36.209000   -0.178671
 519    4.047497 -41.012035   -1.013533
 522   -0.080835 -48.848972   -3.394470
 525    5.340458 -46.986492   -2.645501
 528    2.425741 -68.531792   -2.804402
 531  -13.494350 -27.356745   -2.145547
 534  -10.346380 -19.170523   -1.816409
 537   -2.352226 -65.029816   -2.956171
 540    4.495995 -40.931580   -2.725240
 543   -7.840864 -43.415268   -3.117840
 546    4.335767 -46.391052   -1.468422
 549   -1.434772 -19.253481   -2.368737
 552   -4.269628 -32.952816    0.158848
 555   -2.961598 -59.461941   -0.550491
 558  -10.329300 -50.069798   -3.289303
 561  -11.219501 -22.949146   -2.067613
 564  -14.283241 -60.846825   -0.328871
 567   -7.113241 -38.005627    0.220415
 570   -0.130262 -21.655706   -2.476834
 573    5.040181 -34.022964   -1.841427
 576    4.128096 -35.336906   -1.234090
 579  -13.561196 -62.865391   -0.283239
 582    1.440409 -66.585060   -3.385415
 585  -11.630373 -59.869091    0.169116
 588   -2.112960 -64.676567   -1.546603
 591  -11.797818 -25.520746   -2.366522
 594   -1.907822 -63.716705   -3.170258
 597  -14.608432 -24.638517   -1.051039
 600   -1.388853 -58.542053   -0.273403
 603    4.247310 -48.040089   -1.441378
 606  -13.963097 -66.646667   -0.716744
 609  -13.965076 -55.533859   -2.193090
 612    2.182247 -26.978643   -2.675417
 615    5.177186 -50.057072   -2.089540
 618    1.713503 -69.023834   -2.965598
 621  -16.643085 -52.063789   -1.223842
 624    2.879526 -42.958637   -3.408450
 627  -13.286261 -53.165146   -2.705512
 630  -15.271353 -31.050674   -1.798306
 633   -8.839609 -22.767866    0.118717
 636   -0.182333 -61.063900   -0.317372
 639   -2.746937 -62.391220   -2.988847
 642  -10.983044 -44.160580   -3.263067
 645  -14.200970 -59.499866   -0.100430
 648    3.666965 -48.269390   -3.095977
 651   -7.291387 -23.133888   -2.496659
 654   -6.537497 -44.405632   -3.118742
 657   -8.051180 -57.748158   -0.304115
 660   -9.292103 -26.675385   -2.528010
 663  -10.968069 -54.881229    0.492822
 666   -1.009176 -58.377304   -3.257880
 669   -1.477694 -26.014669   -0.124603
 672    0.605619 -26.848467   -2.837961
 675    2.795521 -52.347992   -3.476409
 678   -6.449369 -13.929868   -1.619940
 681   -3.224791 -47.872169    0.087130
 684   -2.693121 -46.688858   -3.346358
 687    0.941968 -48.916233    0.007140
 690  -11.237885 -45.910240   -3.354318
 693   -5.802286 -39.922680   -3.165071
 696    3.564824 -62.604298   -2.337839
 699  -11.818769 -37.952671    0.795976
 702   -9.240050 -61.154465   -0.263175
 705   -8.534554 -23.903244   -2.531483
 708   -2.044539 -39.030029   -0.129235
 711   -7.815774 -65.006042   -1.089035
 714    4.460285 -39.146751   -1.153289
 717   -0.517813 -56.861500   -3.396596
 720   -8.700693 -22.495531   -2.479720
 723   -6.396553 -33.798748   -2.912774
 726   -3.872300 -27.923859    0.167931
 729    1.152458 -28.210482   -2.884673
 732   -8.014853 -49.833496   -0.017545
 735  -11.299950 -38.313667   -3.443023
 738   -8.727654 -53.013611   -2.909779
 741   -1.673752 -55.664951   -0.154119
 744    3.953196 -53.141129   -1.404095
 747   -3.769206 -42.018909   -0.037941
 750    0.588745 -62.950977   -1.200358
 753   -1.524966 -34.150181   -0.037235
 756    3.935455 -34.576279   -2.921546
 759  -13.589471 -57.132511   -2.337548
 762   -7.440336 -36.107304    0.268261
 765   -9.391866 -32.077820    0.506777
 768   -3.033556 -39.920200   -3.198534
 771    1.922234 -22.447538   -1.799150
 774  -14.836157 -51.824303   -0.024400
 777   -7.284483 -24.729095   -2.549778
 780   -0.814706 -23.128080   -0.517996
 783   -2.727766 -26.467564   -2.663238
 786  -13.342734 -46.881451    0.663548
 789   -5.941548 -63.390835   -0.890480
 792   -4.004786 -58.011555   -2.793550
 795  -14.693212 -62.533962   -0.979972
 798   -8.674046 -63.390388   -2.322702
 801   -1.666458 -61.168892   -3.163405
 804  -11.285583 -23.867361    0.274477
 807  -10.654217 -51.478508   -3.170915
 810    1.647755 -29.597439   -2.812403
 813    2.008549 -39.427895   -0.400308
 816  -17.108368 -46.809162   -1.038259
 819  -13.275599 -37.447884    0.480202
 822  -14.708737 -37.847054   -2.448562
 825    4.196796 -29.759750   -1.962986
 828   -4.443596 -49.436863   -2.928964
 831   -3.437513 -17.922787   -2.182955
 834    4.723001 -55.729542   -2.385101
 837   -9.649598 -54.040718    0.118067
 840  -11.342751 -47.526054   -3.424450
 843  -15.337317 -54.592705   -0.240541
 846    2.417724 -29.054970   -1.102509
 849   -9.396137 -43.886139   -3.169466
 852   -4.155931 -40.905193   -3.137844
 855    2.913115 -30.478472   -2.616624
 858   -0.659575 -30.975655   -2.880647
 861   -0.980402 -51.191368    0.075408
 864  -10.401967 -49.478504    0.417415
 867  -14.092341 -45.687050    0.473921
 870   -9.216135 -54.441765   -2.962152
 873   -8.488314 -20.993780   -2.441819
 876   -7.093685 -48.528206   -3.240267
 879  -16.880711 -34.622108   -0.464817
 882   -0.986085 -62.189213   -1.092868
 885  -12.238254 -29.609539   -2.737471
 888  -13.685567 -57.738377    0.206009
 891   -4.759319 -33.160458   -2.970468
 894   -7.976118 -57.287945   -2.779233
 897   -4.846653 -42.374397   -3.098619
 900    0.494328 -65.570145   -1.620340
 903    2.489094 -41.373249   -3.367298
 906    5.461803 -35.216339   -1.930117
 909  -14.188144 -39.090229   -2.678830
 912   -9.427111 -32.219601   -2.937921
 915   -1.258760 -22.731281   -2.634663
 918  -12.263424 -42.955914   -3.178470
 921  -15.984786 -27.878834   -0.588085
 924   -8.684956 -59.562908   -0.301986
 927   -9.183960 -51.423496   -2.964768
 930  -13.725361 -42.713604   -2.721197
 933    4.191924 -58.185051   -2.236195
 936  -17.322067 -40.137291   -1.116439
 939  -15.901795 -46.362206   -1.638424
 942    3.154077 -64.944054   -2.343624
 945   -4.035772 -52.569412   -2.928324
 948   -4.190042 -31.835226   -2.966627
 951   -8.711857 -28.421778    0.392429
 954    1.758865 -60.587433   -3.442091
 957   -5.868026 -23.331625   -2.522357
 960   -7.320907 -63.360806   -0.812842
 963    3.940969 -33.506847   -1.358276
 966  -16.416533 -30.318644   -0.589494
 969  -10.369094 -46.100040    0.669134
 972    0.037563 -45.866871   -3.423017
 975   -5.544220 -57.637154   -2.740475
 978   -2.479558 -28.773222    0.167098
 981  -10.616621 -47.682461    0.544575
 984   -7.463253 -49.741829   -2.997403
 987   -3.383617 -63.790184   -2.818553
 990    2.805637 -67.301918   -2.873950
 993   -6.091085 -32.263794   -2.973781
 996    2.689280 -33.571461   -0.675646
 999  -15.831228 -39.445129   -1.941498
1002   -5.983734 -21.826315   -2.472053
1005    0.689428 -56.208614   -3.585256
1008    0.060035 -34.095348    0.054771
1011   -6.010362 -19.691904   -0.367059
1014    1.396969 -36.361691   -3.348049
1017   -2.617050 -32.783497    0.072395
1020    1.766530 -46.376591   -0.357271
1023   -9.264849 -55.490768   -0.041894
1026   -7.870525 -66.138992   -2.294305
1029    2.662718 -31.924980   -2.753435
1032  -16.923725 -48.108978   -1.175776
1035    3.200291 -32.027390   -0.881992
1038    0.673037 -44.981136   -0.040529
1041   -5.855869 -35.077873    0.124674
1044  -12.714581 -30.992826   -2.804152
1047  -14.908020 -53.361797   -0.129810
1050   -5.870574 -26.771034    0.244920
1053    0.638885 -56.279346   -0.221128
1056  -10.766747 -29.547560   -2.536343
1059  -14.443536 -65.065590   -0.659772
1062   -9.800648 -62.276829   -2.739035
1065  -11.005475 -43.035637    0.667232
1068    3.679643 -41.795650   -3.147252
1071   -9.919842 -23.575640   -2.512958
1074  -13.698406 -65.576561   -1.227212
1077   -2.760923 -53.934917   -3.047976
1080   -9.800054 -44.390499    0.538514
1083   -9.112346 -47.131268    0.303046
1086    1.533552 -32.845123   -3.111247
1089    0.184155 -57.857128   -0.260746
1092    0.605160 -46.964569   -0.038900
1095   -5.571835 -36.200665   -3.315395
1098    2.546938 -24.629669   -1.758245
1101   -1.565571 -25.440268   -2.691148
1104  -10.250445 -17.472601   -1.370591
1107    1.367748 -52.280315   -3.528770
1110    0.249306 -57.665951   -3.570265
1113  -14.078449 -27.689667   -0.175275
1116    2.395565 -40.088791   -3.192205
1119  -15.919260 -57.620167   -0.996735
1122  -11.701103 -49.094963    0.800235
1125   -1.946465 -59.533234   -3.020205
1128  -17.172775 -43.960819   -0.695124
1131   -5.544924 -18.237183   -0.632948
1134   -2.637257 -20.351831   -2.526395
1137  -13.180428 -48.434776    0.549145
1140    4.542507 -38.044422   -2.783250
1143    1.099379 -38.319588   -0.208426
1146  -10.949928 -58.447521   -3.004146
1149    1.019028 -54.681896   -0.135995
1152   -7.016403 -18.513103   -2.326187
1155   -5.458208 -15.022775   -0.963417
1158  -11.780938 -56.187935    0.499154
1161    4.367401 -56.979382   -2.164621
1164   -3.731251 -61.192783   -0.692750
1167  -13.096020 -37.921242   -3.040107
1170  -12.576159 -30.683910    0.413000
1173   -1.571876 -16.724852   -1.608691
1176    0.972200 -29.938105   -0.556396
1179   -4.394967 -36.652557   -0.001253
1182   -9.217106 -48.753429    0.159686
1185   -3.647114 -44.550114   -3.168156
1188   -9.319990 -18.753361   -2.007833
1191   -9.354544 -58.092007   -0.180769
1194    3.109209 -48.596653   -0.766325
1197    3.278238 -40.301601   -3.199436
1200    0.685448 -22.975946   -2.520532
1203    2.719347 -35.310860   -3.314894
1206  -14.536417 -32.671516   -2.193952
1209  -13.757361 -36.510883   -2.675118
1212  -12.187511 -62.704716   -0.075050
1215   -4.430235 -62.659248   -2.648539
1218    0.762948 -20.743029   -1.601240
1221   -2.271826 -20.840307   -0.558575
1224   -7.022759 -41.060642    0.255537
1227    0.165228 -50.390057    0.127845
1230    0.395117 -44.393845   -3.395326
1233    3.601263 -55.210693   -3.130449
1236   -8.817455 -45.616882    0.433355
1239  -12.799705 -39.659523   -3.076561
1242  -13.744064 -61.665783   -1.705620
1245   -7.587926 -46.865635    0.193534
1248   -1.026363 -40.394646   -0.140334
1251  -12.028748 -52.199409   -3.140020
1254   -9.615884 -39.636929    0.480465
1257  -12.316803 -27.983347    0.262119
1260    4.393615 -31.947859   -1.941414
1263    0.623913 -60.245007   -3.532181
1266   -4.897637 -64.129669   -1.249601
1269   -6.760301 -66.152557   -1.884458
1272   -2.323936 -45.171467   -3.280615
1275    1.682171 -25.603445   -2.605225
1278  -12.847486 -45.068623    0.712703
1281   -0.499113 -28.206396   -2.832047
1284  -16.175896 -54.668331   -1.211079
1287   -2.676750 -41.726326   -3.181795
1290  -17.257975 -42.604767   -0.605907
1293    1.227392 -38.427521   -3.269182
1296   -5.993339 -53.198997   -0.253584
1299  -12.277800 -57.478001    0.406866
1302   -5.374976 -51.036308   -0.217829
1305    0.485022 -19.777752   -1.560259
1308    2.468227 -36.589386   -3.349248
1311    0.891964 -68.691895   -2.751762
1314  -11.212062 -60.033264   -2.862417
1317   -3.030674 -24.983255   -0.220747
1320  -12.681684 -23.804756   -0.015089
1323   -1.701944 -53.038471   -3.130548
1326  -10.849252 -53.422501    0.422387
1329   -7.798122 -26.412039   -2.491135
1332   -3.438337 -59.450542   -2.762915
1335    5.221746 -48.014263   -2.690572
1338  -13.286854 -56.406349    0.272054
1341   -1.318357 -24.580055   -0.233959
1344    0.882637 -54.854843   -3.568344
1347  -14.173944 -49.302769    0.232669
1350   -3.442899 -31.447414    0.089554
1353  -11.846107 -46.310970    0.872925
1356   -5.919821 -36.867847    0.089465
1359  -13.492914 -44.104424   -2.834917
1362   -5.639767 -24.899942   -2.543754
1365  -15.450517 -43.119984    0.025846
1368    3.293627 -25.522654   -2.232587
1371    4.391736 -44.673580   -1.437412
1374  -17.124130 -36.032875   -1.230529
1377  -13.911222 -42.269962    0.500494
1380   -7.690925 -38.203800   -3.206242
1383    4.948098 -53.486923   -2.062193
1386  -14.154747 -23.529242   -0.617399
1389   -0.916082 -49.610069    0.127914
1392  -16.088160 -44.697151   -1.703490
1395    3.659494 -33.133312   -2.839675
1398    0.353652 -31.474846   -0.078693
1401   -2.182579 -31.433231   -2.882128
1404   -5.515179 -54.687298   -0.210305
1407   -5.936068 -17.453947   -2.227994
1410    4.930626 -32.785877   -2.149609
1413  -11.497398 -62.713951   -2.626365
1416    3.600921 -26.696222   -1.712811
1419  -12.460127 -22.251638   -1.432553
1422  -15.396848 -60.324970   -1.287571
1425  -14.793994 -28.011763   -1.774197
1428    0.152840 -24.244232   -0.597206
1431    0.088869 -67.966537   -3.317764
1434  -13.157218 -49.728333   -2.902475
1437   -7.306284 -17.087343   -2.026750
1440  -17.563717 -38.753151   -1.082485
1443    0.598318 -46.799625   -3.510297
1446   -5.018931 -38.479267    0.025370
1449  -13.642025 -58.521286   -2.197091
1452    2.122988 -62.720154   -1.511593
1455    0.534416 -51.920563    0.080668
1458    0.962284 -64.380676   -3.600060
1461   -6.911735 -27.821857   -2.421906
1464   -8.716700 -25.397049    0.312648
1467   -9.937668 -66.278755   -1.663517
1470   -3.903790 -47.889236   -3.257776
1473   -5.965841 -49.630165   -2.910098
1476  -13.968240 -44.003681    0.498570
1479  -13.592711 -22.428198   -0.436731
1482   -1.740952 -67.320786   -2.715313
1485  -11.193020 -21.032890   -0.169678
1488   -5.155672 -58.946407   -2.649438
1491   -6.626206 -64.812012   -1.236165
1494  -13.204118 -61.613819   -0.249268
1497    3.430385 -37.404781   -3.093407
1500  -16.097345 -39.938351    0.076672
1503  -15.464384 -52.966278   -1.741078
1506   -6.764784 -50.327282   -0.133869
1509  -11.449608 -40.023121   -3.368239
1512  -10.773564 -20.504505   -1.735640
1515  -12.474046 -61.076588   -2.307954
1518  -11.126111 -52.307697    0.589563
1521    1.711443 -65.436699   -3.400571
1524  -16.078421 -56.097073   -0.503278
1527   -2.488398 -43.477764   -3.194305
1530   -3.490326 -55.383381   -2.967139
1533   -0.898211 -35.676971   -0.167720
1536   -2.017712 -50.398209   -3.053069
1539    2.584839 -28.626528   -2.543758
1542    1.063066 -45.733379   -3.348669
1545  -15.149395 -31.821402   -0.018740
1548   -4.809393 -43.297859    0.032763
1551   -7.947113 -59.885441   -2.645376
1554   -4.281813 -55.588417   -0.227836
1557  -17.043928 -33.276527   -1.067830
1560    0.474168 -67.596222   -2.125205
1563   -1.785736 -39.097755   -3.291341
1566   -8.814271 -21.365091    0.080879
1569   -6.061314 -38.358845   -3.228291
1572   -7.458271 -52.228168   -2.847595
1575    0.000000   0.000000    0.000000
1578   -7.664186 -29.762379    0.260827
1581   -8.404724 -31.008453   -2.647069
1584   -6.970654 -54.535534   -0.178210
1587  -14.722766 -40.785900    0.403446
1590   -9.610100 -57.435295   -2.954250
1593  -13.319483 -64.273544   -1.794515
1596  -11.357478 -63.834438    0.039782
1599   -6.567637 -31.377338    0.231278
1602   -8.429607 -61.553345   -2.563485
1605  -13.458559 -31.748877    0.348496
1608  -15.600434 -44.530060   -0.000919
1611    3.548479 -55.960869   -1.615540
1614    2.150687 -55.785336   -0.787556
1617  -12.572971 -55.199863    0.512251
1620    2.937800 -38.105862   -0.744909
1623  -14.766097 -58.429237   -0.066367
1626   -6.959461 -47.175854   -3.287358
1629   -4.596920 -66.652122   -2.235034
1632    0.318125 -58.925114   -3.571339
1635  -15.460009 -49.570374   -1.883786
1638   -4.668966 -60.205856   -2.636181
1641   -4.533360 -39.275311   -3.210914
1644   -7.078112 -25.379675    0.129948
1647   -1.653688 -29.678314   -2.715544
1650    1.466250 -50.407986   -0.139187
1653    2.999566 -66.133102   -2.643084
1656  -12.801382 -50.094845    0.684487
1659   -6.161913 -39.495132    0.108856
1662   -8.394632 -40.773464   -3.159698
1665   -6.271482 -21.310402   -0.213015
1668   -9.298691 -65.103912   -0.836576
1671   -2.945448 -19.606562   -0.601500
1674   -7.964293 -42.453148    0.351502
1677    2.084276 -63.973316   -1.634663
1680  -12.744643 -33.138103    0.611105
1683  -13.761415 -29.075968   -2.333685
1686   -1.598566 -37.407204   -0.131626
1689   -0.429110 -66.668243   -1.946969
1692   -3.408190 -38.312191   -3.272429
1695  -11.922012 -34.367809    0.902012
1698  -12.832587 -35.382271   -2.915444
1701   -0.497852 -50.143253   -3.233979
1704   -5.647721 -25.297939   -0.041535
1707   -6.677446 -14.960356   -1.097023
1710   -4.790436 -48.369686   -0.058166
1713    2.192505 -39.043583   -3.233025
1716   -3.982492 -20.993324   -2.482642
1719  -11.353245 -28.109116   -2.626416
1722  -14.577776 -54.005470   -2.057270
1725    5.249406 -49.022411   -2.504131
1728    3.463522 -38.943447   -3.056087
1731    2.239101 -47.906857   -3.500594
1734   -5.420134 -27.752581   -2.524033
1737   -0.672869 -34.880505   -3.395909
1740   -3.998173 -58.184406   -0.481899
1743  -13.048290 -67.552780   -0.846692
1746    1.088255 -30.992605   -2.967532
1749  -14.816387 -58.756413   -1.703599
1752  -11.527287 -19.388739   -0.641965
1755    3.076298 -44.469028   -3.424809
1758  -13.833826 -60.004215   -1.931759
1761    5.472195 -36.249783   -1.855448
1764   -9.321867 -16.945753   -0.996541
1767    2.122850 -44.875050   -0.389256
1770   -6.340480 -54.911648   -2.859812
1773    0.156950 -32.172100   -3.066710
1776    1.010426 -48.307102   -3.558109
1779   -4.096889 -35.807476   -3.275591
1782  -10.408990 -33.375458    0.709206
1785  -13.416788 -45.646717   -2.773685
1788    3.982589 -49.695168   -1.324501
1791   -7.261226 -45.270584    0.273536
1794  -15.531572 -33.845558   -1.885871
1797  -13.398743 -25.040768   -0.111240
1800   -7.491902 -20.578012   -0.127156
1803   -1.847492 -17.806206   -2.037413
1806   -3.574413 -66.685989   -2.649511
1809  -12.860188 -48.083393   -3.028375
1812   -5.171644 -45.363083   -3.169070
1815   -6.266314 -16.040937   -2.005943
1818   -6.198120 -26.227362   -2.514441
1821   -5.553163 -58.547436   -0.528392
1824  -10.748324 -65.202644   -1.952335
1827   -0.426781 -55.150944   -0.001296
1830  -11.565887 -58.557709    0.191205
1833    2.147192 -54.760181   -3.564872
1836   -2.982113 -56.469864   -0.252528
1839    1.135025 -34.822697   -3.485306
1842    0.621836 -40.227261   -0.140047
1845    2.308905 -23.500324   -2.010012
1848   -2.459129 -62.082588   -0.836987
1851   -7.064354 -30.960417   -2.661769
1854  -13.231189 -40.566856    0.652081
1857  -14.370039 -35.102219   -2.430485
1860  -13.007348 -41.262047   -2.941391
1863   -8.637041 -16.357117   -1.546128
1866    2.889179 -46.940796   -3.396041
1869    4.025217 -52.831841   -2.911979
1872  -11.654571 -32.288483    0.672561
1875  -10.331580 -60.433167    0.032668
1878  -11.557185 -55.197605   -3.110155
1881   -5.608047 -66.364433   -2.259998
1884   -5.071488 -31.249094    0.115964
1887    0.306896 -43.292416   -0.029849
1890    3.335815 -54.524918   -1.367910
1893    2.433279 -33.799194   -3.057940
1896   -7.867187 -50.900963   -2.895596
1899   -2.946765 -26.653196    0.008697
1902   -2.598421 -66.743103   -2.802191
1905   -5.354299 -20.554724   -2.411795
1908   -8.433247 -46.519447   -3.256907
1911    3.755188 -27.746414   -2.172117
1914   -4.783274 -37.450863   -3.285852
1917    0.003880 -37.111568   -0.202278
1920    1.947210 -53.590302   -3.639280
1923  -10.022961 -39.572289   -3.305534
1926  -13.957410 -30.375387   -2.539399
1929  -15.050830 -29.097702   -0.180531
1932   -2.412926 -51.988110   -0.155178
1935   -2.990620 -54.826878   -0.195497
1938   -4.508481 -59.749531   -0.645019
1941   -1.001469 -64.894508   -3.385750
1944    3.879183 -51.393543   -3.090537
1947  -10.481889 -38.384022    0.635497
1950   -3.630732 -63.093811   -0.943419
1953   -5.506464 -13.559427   -1.393513
1956   -3.014053 -36.723919   -3.335108
1959    4.289530 -45.242100   -3.024581
1962   -4.842368 -24.149734   -0.213294
1965   -3.851141 -27.607946   -2.625263
1968   -2.365320 -15.884445   -1.550404
1971   -9.119606 -33.668148   -3.007766
1974  -15.755848 -46.018696    0.015903
1977   -8.049948 -51.436962   -0.082134
1980  -16.355421 -29.131212   -0.464569
1983   -4.883486 -49.752819   -0.125842
1986   -4.915749 -62.573879   -0.842683
1989   -8.207559 -31.108938    0.367932
1992   -1.113379 -32.695484   -3.164267
1995    3.265913 -36.587982   -0.825169
1998   -2.037680 -28.092419   -2.716321
2001    0.218891 -33.698692   -3.312683
2004   -7.999074 -62.078979   -0.581941
2007   -8.385950 -58.510376   -2.749231
2010  -17.152973 -45.276154   -0.642462
2013   -8.625559 -19.678812   -0.216983
2016   -3.721641 -42.820515   -3.137281
2019  -14.627470 -37.570179    0.225946
2022   -4.859128 -56.917175   -0.368113
2025   -1.346007 -19.861689   -0.972237
2028   -2.130077 -55.302376   -3.117514
2031   -5.744715 -45.850353    0.122461
2034   -2.967049 -60.808819   -2.873953
2037  -14.316957 -47.025211   -2.308513
2040  -12.316975 -57.777061   -2.766400
2043    2.306002 -38.064423   -3.215328
2046    2.374750 -63.117229   -3.212348
2049   -4.331594 -53.969379   -0.252523
2052   -3.477831 -50.786510   -2.920598
2055  -12.865012 -21.228254   -0.864910
2058   -1.020376 -54.211678   -3.245526
2061    5.563864 -44.788357   -2.613069
2064    3.186379 -45.907917   -3.208282
2067  -15.266954 -29.445786   -1.666863
2070    5.122875 -50.970409   -2.323936
2073   -4.194126 -54.126472   -2.900750
2076   -4.123682 -19.361191   -2.393019
2079  -15.579373 -51.276520   -1.889836
2082    0.338370 -59.385357   -0.320364
2085    2.929657 -61.031677   -3.129276
2088    1.512901 -40.415421   -3.263601
2091  -10.781322 -57.481327    0.187696
2094   -8.111839 -19.539925   -2.386089
2097   -2.247306 -45.162697   -0.003635
2100   -0.368216 -41.763275   -0.143729
2103   -3.200264 -65.608841   -1.829900
2106  -11.385721 -24.181753   -2.361387
2109   -7.703146 -48.303768    0.033165
2112   -9.423831 -52.497124    0.043981
2115   -7.728922 -32.676357    0.312668
2118   -7.660492 -60.624794   -0.500078
2121   -4.388914 -19.273571   -0.499969
2124  -12.679855 -28.314154   -2.560595
2127   -6.560284 -51.968822   -0.220947
2130   -8.843506 -37.733295    0.387585
2133   -3.472654 -30.469931   -2.700752
2136   -1.047903 -52.556591   -0.050407
2139  -16.051182 -51.965412   -0.370401
2142   -5.482361 -53.748856   -2.867644
2145  -14.255862 -50.579990   -2.411982
2148   -4.811405 -64.089928   -2.561409
2151  -14.343401 -52.169270   -2.298022
2154   -1.936443 -48.690895    0.193948
2157   -5.179903 -61.117725   -0.752421
2160   -0.748011 -63.666027   -1.368217
2163   -6.548471 -57.439922   -0.364153
2166  -10.305228 -25.164507   -2.626437
2169  -12.526937 -51.580559    0.619126
2172   -0.652929 -55.517384   -3.340971
2175   -7.275942 -39.869724   -3.128443
2178   -4.650433 -56.594631   -2.851570
2181    2.317503 -26.116680   -1.182528
2184   -0.234892 -52.620255   -3.288278
2187   -4.519434 -22.318621   -2.556946
2190  -10.035897 -63.794720   -0.089205
2193    3.048782 -58.783031   -3.203061
2196   -1.512551 -43.390381   -0.053589
2199  -12.540854 -32.569595   -2.872022
2202   -3.224932 -29.064299   -2.621968
2205    0.375990 -53.703655   -3.467981
2208    1.624603 -57.103386   -3.506085
2211    0.769702 -35.736004   -0.165728
2214    4.195135 -43.777077   -3.132233
2217    3.311344 -39.689022   -0.784887
2220   -7.183447 -59.011845   -0.428472
2223  -16.700884 -49.370914   -0.769801
2226  -11.737002 -61.285946   -0.010613
2229  -14.930791 -43.655472   -2.290899
2232   -2.286150 -50.404167    0.025887
2235    1.521473 -57.389984   -0.810031
2238   -8.629572 -39.380569   -3.200369
2241   -0.776733 -65.189873   -1.507643
2244  -15.908084 -59.117722   -0.862364
2247   -1.621894 -31.626190    0.083526
2250   -1.806833 -53.813023   -0.180029
2253  -12.185063 -20.383446   -0.989862
2256    2.913467 -59.897305   -3.265580
2259   -9.553844 -38.033058   -3.327272
2262  -14.804520 -57.003616   -1.807389
2265    1.753286 -58.264351   -3.515353
2268  -14.737419 -45.310524   -2.185818
2271   -1.771026 -66.060059   -1.866764
2274   -4.121792 -29.742100    0.124660
2277  -15.925692 -32.463364   -1.597496
2280   -5.402948 -41.545120    0.092429
2283  -10.649630 -65.068672   -0.571581
2286  -14.652560 -63.695438   -1.036189
2289   -7.720071 -32.607716   -2.974858
2292   -3.750702 -20.804119   -0.393131
2295  -11.529114 -41.605007   -3.252690
2298  -14.491890 -30.449028   -0.036154
2301  -12.970600 -39.013290    0.689342
2304   -9.573587 -26.917740    0.453437
2307   -1.286488 -46.535526   -3.405623
2310   -7.938596 -17.059467   -0.854730
2313   -1.303902 -42.232910   -3.264738
2316  -11.083889 -61.389305   -2.808530
2319   -6.242616 -48.923977   -0.065393
2322  -10.486488 -36.709042    0.722563
2325    4.540943 -39.500484   -2.770913
2328   -0.704721 -44.607285   -0.006458
2331   -4.898048 -50.946804   -2.847238
2334  -12.019405 -36.766132   -3.210371
2337   -9.388006 -62.621590   -0.266551
2340   -1.634428 -33.931923   -3.241601
2343   -3.849643 -46.048035   -3.273911
2346  -12.918727 -60.206013   -0.052062
2349    1.725748 -46.549015   -3.370899
2352    3.195987 -45.683041   -0.820087
2355  -12.030255 -54.036331    0.646259
2358    1.851847 -36.843979   -0.332752
2361   -5.552654 -52.318142   -2.827243
2364  -12.688198 -23.365690   -1.698111
2367  -15.249266 -55.588448   -1.653436
2370  -14.524156 -47.458618    0.226589
2373    1.339764 -42.001984   -3.466098
2376   -7.622484 -15.726978   -1.083166
2379  -12.305267 -44.725933   -3.218607
2382   -8.382674 -54.410267   -0.091168
2385   -6.246458 -59.805843   -2.587204
2388   -4.341604 -17.574766   -0.962265
2391  -10.279831 -59.031109   -0.023441
2394   -8.831455 -25.195438   -2.536788
2397    2.746106 -30.454058   -1.089869
2400  -11.983904 -65.190521   -0.428716
2403    5.561659 -38.432785   -1.921058
2406   -5.878499 -33.113346    0.161157
2409  -10.409092 -51.327286    0.361527
2412   -5.052402 -43.834419   -3.107006
2415  -13.790470 -52.394203    0.289956
2418   -6.139009 -60.078491   -0.626308
2421   -8.086825 -44.031021    0.342855
2424   -1.074125 -43.774574   -3.253237
2427    0.988791 -66.617462   -1.734600
2430  -10.527088 -42.647659   -3.199572
2433    4.212687 -60.403690   -2.369347
2436    2.281759 -45.939602   -3.275331
2439   -0.459375 -38.799839   -0.179979
2442    1.248911 -21.674595   -1.783514
2445   -4.820763 -52.311470   -0.239624
2448  -10.702291 -31.136671    0.577103
2451   -0.650681 -30.344883    0.055613
2454   -9.106903 -35.291019   -3.076959
2457    2.783571 -60.069321   -1.625969
2460    3.419153 -56.473930   -2.956003
2463    0.538568 -39.917179   -3.271618
2466    0.247068 -65.387009   -3.556021
2469   -6.512881 -16.163256   -0.790731
2472    2.861973 -58.545074   -1.498716
2475  -12.187216 -47.610985    0.831926
2478    1.234879 -32.865017   -0.128605
2481  -14.639277 -55.876377    0.020933
2484   -0.132597 -66.558640   -3.473543
2487   -8.710223 -63.762871   -0.561357
2490    1.265781 -39.454506   -3.317575
2493    3.793775 -49.974308   -3.003612
2496   -7.430807 -22.278526   -0.066089
2499   -3.283068 -37.667465   -0.079931
2502    1.764038 -59.326580   -3.520440
2505    2.946661 -57.160625   -1.369793
2508    4.023484 -59.200619   -2.394316
2511   -6.974221 -28.133757    0.269947
2514   -9.971870 -28.107218   -2.483987
2517   -5.021171 -20.744299   -0.330942
2520    4.216770 -46.884556   -3.035825
2523    0.368483 -38.879986   -3.312113
2526   -0.564331 -47.666153   -3.382665
2529  -11.174236 -56.851509   -3.019866
2532  -11.913657 -22.431484    0.026525
2535   -1.180130 -62.527885   -3.404711
2538  -10.041548 -20.366419   -0.116075
2541    1.318881 -23.917477   -1.131529
2544   -1.908731 -41.896614   -0.078510
2547  -10.358506 -25.442307    0.465022
2550    2.133778 -54.275261   -0.638588
2553  -11.925213 -50.556622   -3.133855
2556   -2.873375 -21.854141   -2.590953
2559    1.001356 -28.314257   -0.621707
2562  -13.721876 -31.794676   -2.475686
2565   -2.705599 -35.966595   -0.060906
2568   -9.908738 -18.903091   -0.469601
2571   -3.164288 -56.713612   -2.953664
2574   -8.441965 -17.893457   -1.943322
2577    4.093176 -36.177139   -2.963194
2580   -3.534830 -16.459953   -1.939771
2583   -4.687840 -29.256159   -2.539780
2586    0.289800 -37.803055   -3.352123
2589    5.510275 -45.831795   -2.019110
2592    1.686619 -68.215973   -2.093179
2595   -2.979436 -43.465530   -0.026204
2598   -3.656435 -51.039150   -0.121477
2601   -0.902370 -17.373735   -1.484463
2604   -0.354563 -61.276623   -3.519371
2607    0.049467 -29.582233   -2.879999
2610   -3.813329 -14.521424   -1.370871
2613    4.693754 -42.547070   -2.917453
2616   -3.988758 -61.489101   -2.716562
2619   -0.492693 -39.869633   -3.304637
2622   -8.912060 -49.614773   -3.136064
2625   -7.404480 -14.508372   -1.589815
2628   -0.065384 -25.357832   -2.734807
2631   -7.707353 -29.377729   -2.380275
2634   -0.645194 -46.149384    0.102223
2637   -9.963837 -21.848541   -2.281543
2640   -8.506161 -36.697678   -3.354854
2643  -12.114281 -33.956661   -3.000332
2646   -6.401034 -23.925837   -0.148261
2649    2.865422 -52.960999   -0.754808
2652  -14.325563 -26.576340   -1.618288
2655   -7.913957 -39.469025    0.298261
2658   -2.237356 -47.992088   -3.293383
2661  -10.512004 -62.060631    0.106314
2664   -5.440121 -61.335186   -2.526474
2667  -10.451025 -28.393627    0.500961
2670   -9.910236 -30.949991   -2.652461
2673  -12.424175 -52.869137    0.570898
2676   -4.514572 -46.742180    0.052391
2679  -15.940512 -41.040306   -1.745811
2682   -1.989822 -24.078856   -2.652256
2685   -8.917690 -33.947613    0.487078
2688   -8.894363 -42.335426   -3.140108
2691  -11.087364 -35.419159   -3.254822
2694  -15.614308 -47.953808   -1.927593
2697   -3.555585 -64.322800   -1.474674
2700    3.416528 -63.728073   -2.550716
2703   -9.503921 -42.668976    0.512802
2706  -12.143055 -41.831116    0.689336
2709  -13.288836 -53.839100    0.381931
2712   -1.784089 -18.773212   -0.993695
2715   -5.846805 -29.711758    0.161033
2718  -14.242359 -33.370010    0.163496
2721  -10.758949 -26.559652   -2.611926
2724    5.617127 -41.532295   -1.902374
2727   -1.228844 -36.390682   -3.395768
2730    2.144609 -61.995293   -3.235003
2733   -3.411245 -34.226875   -3.168860
2736   -4.765144 -16.081806   -2.031832
2739  -12.132427 -36.097500    0.749129
2742    1.105833 -41.877834   -0.089900
2745  -15.545702 -36.579548   -1.963865
2748   -3.059342 -22.120352   -0.331991
2751   -6.251922 -29.319477   -2.449547
2754   -7.417084 -62.918495   -2.405246
2757   -1.527412 -49.058598   -3.224265
2760   -5.166380 -55.333248   -2.863704
2763    1.807855 -43.402664   -0.195518
2766    2.466078 -49.286209   -3.425999
2769    1.521065 -34.422741   -0.242129
2772    1.285010 -25.190689   -0.963753
2775   -0.497472 -20.670719   -1.106439
2778    0.099829 -62.582535   -3.509799
2781   -5.415384 -16.772142   -0.840132
2784   -2.346977 -30.187010    0.126373
2787    2.554112 -49.781826   -0.555773
2790    0.136450 -42.800282   -3.378011
2793   -3.234425 -15.290607   -1.757572
2796   -9.650322 -60.770248   -2.844337
2799    4.312943 -37.441357   -1.242459
2802   -4.437156 -15.845947   -0.994728
2805   -1.761366 -47.137772    0.065682
2808  -13.219529 -29.315851    0.187220
2811  -16.091606 -38.000031   -0.132071
2814   -8.665195 -66.261749   -1.511227
2817    0.880962 -61.652588   -1.064637
2820  -11.442821 -50.737892    0.792334
2823   -6.443086 -51.085052   -2.814277
2826   -6.526324 -42.899181    0.174461
2829   -8.180304 -45.020687   -3.148224
2832   -6.853836 -20.089787   -2.410541
2835   -2.950747 -32.783604   -3.088541
2838  -15.893688 -41.680466    0.003214
2841   -4.504120 -13.700469   -1.595063
2844   -9.165827 -29.477425   -2.402700
2847  -16.752537 -31.632935   -0.502111
2850  -12.625181 -46.668270   -3.089585
2853   -5.899760 -44.436626    0.141352
2856   -2.707077 -18.991623   -2.342346
2859   -1.627819 -40.791172   -3.235807
2862   -1.533186 -21.195662   -2.575670
2865    3.812191 -61.484901   -2.245031
2868    2.324179 -40.979527   -0.404944
2871    2.277914 -61.374191   -1.497696
2874   -3.532346 -39.157818   -0.081349
2877   -0.046066 -41.267639   -3.341964
2880   -2.264124 -35.363739   -3.307444
2883    0.637510 -51.111855   -3.381794
2886    3.322451 -53.875084   -3.226476
2889   -6.898708 -58.385056   -2.692742
2892   -9.159395 -56.758072   -0.147652
2895  -13.390383 -34.824142    0.352812
2898    1.596598 -58.897930   -0.879112
2901  -11.375103 -31.157736   -2.729111
2904   -3.151418 -23.303328   -2.585528
2907   -6.198856 -64.006920   -2.379457
2910  -13.962349 -50.889206    0.350278
2913    2.248457 -51.535564   -0.399986
2916    0.978395 -61.611996   -3.537540
2919   -4.465036 -24.018087   -2.582437
2922    1.793463 -31.470201   -0.519338
2925   -7.348773 -34.353981    0.305129
2928   -4.686008 -17.722147   -2.287767
2931    5.691725 -39.465881   -1.876541
2934   -2.784771 -40.572262   -0.090794
2937  -16.134195 -42.771267   -1.827803
2940   -6.891071 -36.975281   -3.310153
2943   -4.145934 -44.967426    0.005387
2946   -1.027552 -26.806719   -2.730785
2949   -5.583210 -19.039259   -2.395153
2952   -2.667248 -52.067310   -3.028784
2955    0.705899 -22.915428   -1.048386
2958   -5.033443 -46.878300   -3.266701
2961   -4.568933 -40.305935    0.012810
2964   -5.721842 -41.315289   -3.133113
2967   -2.095417 -37.673981   -3.345697
2970   -3.305666 -53.032970   -0.240257
2973   -5.278856 -34.661247   -3.191747
2976   -2.663003 -57.872044   -0.381796
2979    0.089848 -25.642033   -0.500283
2982    1.206417 -26.780409   -0.780808
2985  -15.383705 -48.787010   -0.234990
2988   -6.365248 -56.678898   -2.775799
2991  -12.226255 -65.470116   -1.747062
2994   -8.443899 -27.907280   -2.395119
2997  -10.872810 -32.697582   -3.005007
3000   -5.890939 -22.757221   -0.189198
3003   -0.416400 -48.177586    0.087600
3006  -13.030553 -24.635992   -1.829100
3009  -11.346584 -44.662090    0.805710
3012  -11.854725 -64.025223   -2.315833
DATA_COMPLETE
