variable listc
330
variable vLength
0
   0    3.829624  65.566086   -0.539260
   3   -5.941375  41.164574    0.040383
   6   -3.041841  21.109491   -0.410099
   9   10.610117  20.867842    0.591426
  12   13.992916  42.131107   -0.404069
  15    0.461751  60.132366    0.251555
  18    7.468966  59.286659    0.213334
  21   -2.558608  40.802132    1.003687
  24   10.368500  41.285400    0.983588
  27    3.361284  22.317608   -0.223079
  30    4.032520  41.270866   -2.246689
  33   -3.592858  57.079559   -0.480434
  36    9.430630  28.133091   -2.322971
  39   -4.766479  50.833366   -1.825172
  42    6.051416  38.814289   -1.625084
  45    5.603355  45.530968    0.915294
  48   -1.554619  51.450886    1.068177
  51    1.633579  22.608873   -1.003883
  54    5.522144  45.299057   -2.414223
  57    5.384129  31.634584    0.685737
  60    8.543906  26.019026    0.909895
  63   -1.273800  55.172279    0.458634
  66    5.865982  25.362461   -1.789215
  69   10.600268  44.537712   -2.438041
  72   13.025402  34.548210    0.249783
  75    1.962696  49.232346    0.836139
  78    1.931333  37.365192    0.746637
  81    4.010021  41.741100    0.772303
  84    1.306311  45.190277    0.949231
  87   -2.545494  42.806240   -2.642448
  90    8.973492  61.038975    0.069358
  93    8.179973  41.606739    0.749990
  96    6.174717  59.475620   -1.198589
  99    5.897041  49.446026    0.750848
 102    5.061393  28.396688   -1.819599
 105    2.481373  36.880783   -1.856030
 108   13.673920  37.993118    0.121967
 111    9.989841  44.517662    1.114185
 114    5.721100  35.495567    0.877334
 117    4.363686  32.676193   -2.099117
 120    9.384151  48.533611   -2.181347
 123    1.801903  63.990345   -1.142750
 126    3.251035  60.733162   -0.976555
 129    2.140015  48.453896   -2.158394
 132    7.276867  56.205791   -1.801777
 135   -2.266082  59.824871   -0.304247
 138    8.321049  52.399158    0.585284
 141    4.465462  22.772308   -0.899910
 144   -2.883448  43.386784    1.198950
 147   -0.625249  23.007462   -1.573864
 150   12.679400  50.591988    0.081107
 153   -2.779984  36.371788   -2.072998
 156    7.240549  35.673592   -2.118443
 159    0.838324  58.003544    0.355346
 162    2.438177  26.154774   -1.663521
 165    8.739368  52.790569   -2.324383
 168   -5.569679  35.448544   -1.058503
 171    4.503464  52.856552    0.575438
 174   13.531947  47.483395   -0.967907
 177    8.384022  41.470112   -2.274117
 180   -0.137386  61.961697   -1.206387
 183   12.428893  30.862061   -0.876041
 186    6.891632  62.920219   -0.886059
 189   -2.495762  47.527985    1.342401
 192   11.339044  56.212936   -1.208988
 195   -4.061968  25.478474   -0.208687
 198    9.521606  48.201050    1.042436
 201    1.786806  54.307705    0.554128
 204   -4.499176  28.720987   -1.186447
 207   13.776526  44.412827    0.189104
 210    0.439472  41.079109    0.949773
 213   -6.123932  41.904541   -1.307559
 216   10.257796  58.610950   -1.092083
 219   -2.113012  31.578341    0.960322
 222   -1.484051  29.990654   -2.391407
 225    4.667037  64.402069   -0.920921
 228   11.043464  38.033932   -2.599445
 231   -5.332903  38.475601   -1.214390
 234   -2.991791  39.061806    1.116415
 237   12.166599  53.367817    0.053098
 240   -1.415363  27.370203    0.657009
 243   13.427811  41.090401    0.095779
 246    2.099688  29.782732   -1.997181
 249    8.094219  31.437489   -2.592388
 252   11.655754  24.337543    0.438591
 255   10.505985  20.960709   -0.396919
 258   -0.000004   0.000000    0.000004
 261    7.403194  22.462969    0.179824
 264    3.951439  56.711781   -1.608669
 267   -0.865074  26.533518   -2.065571
 270    9.185017  33.721931    1.246171
 273    1.707434  29.819258    0.574507
 276   -1.907967  47.195877   -2.402069
 279   -5.683109  45.076973   -1.270354
 282   -2.156734  35.326263    1.107802
 285   -4.632267  32.402527   -1.290897
 288   -0.500908  51.312267   -1.670818
 291    9.956394  37.937294    1.149368
 294    1.507736  33.696766    0.794121
 297   11.999237  27.353571   -0.375484
 300   -4.518304  53.971165   -0.598032
 303   -0.021236  33.849945   -2.201458
 306   -3.314892  21.983345   -1.324367
 309   -0.167253  39.736580   -2.304665
 312    9.113377  29.824938    1.159200
 315    1.325790  44.415302   -2.614372
 318   -5.858078  48.338852   -1.164516
 321   10.757799  34.086327   -2.766136
 324    5.764313  49.594727   -1.886173
 327    9.525368  24.772427   -2.002361
DATA_COMPLETE
