variable listc
330
variable vLength
0
   0    3.602901  65.448166   -0.414119
   3   -5.941375  41.164574    0.040383
   6   -3.041841  21.109491   -0.410099
   9   10.610117  20.867842    0.591426
  12   13.992916  42.131107   -0.404069
  15    0.461751  60.132366    0.251555
  18    7.468966  59.286659    0.213334
  21   -2.558608  40.802132    1.003687
  24   10.368500  41.285400    0.983588
  27    3.361284  22.317608   -0.223079
  30    3.848267  41.195709   -2.211777
  33   -3.592858  57.079559   -0.480434
  36    9.202660  28.073782   -2.312874
  39   -4.963590  51.094360   -0.357859
  42    6.051416  38.814289   -1.625084
  45    5.603355  45.530968    0.915294
  48   -1.554619  51.450886    1.068177
  51    1.633579  22.608873   -1.003883
  54    5.522144  45.299057   -2.414223
  57    5.384129  31.634584    0.685737
  60    8.543906  26.019026    0.909895
  63   -1.453041  55.063915    0.453788
  66    5.865982  25.362461   -1.789215
  69   10.600268  44.537712   -2.438041
  72   13.025402  34.548210    0.249783
  75    1.962696  49.232346    0.836139
  78    1.931333  37.365192    0.746637
  81    4.010021  41.741100    0.772303
  84    1.306311  45.190277    0.949231
  87   -2.741943  42.752415   -2.623333
  90    8.973492  61.038975    0.069358
  93    8.179973  41.606739    0.749990
  96    6.232483  59.373955    0.140256
  99    5.897041  49.446026    0.750848
 102    5.061393  28.396688   -1.819599
 105    2.481373  36.880783   -1.856030
 108   13.673920  37.993118    0.121967
 111    9.989841  44.517662    1.114185
 114    5.721100  35.495567    0.877334
 117    4.363686  32.676193   -2.099117
 120    9.384151  48.533611   -2.181347
 123    1.548086  64.050217   -0.190003
 126    3.179071  60.849415   -0.058060
 129    1.977119  48.302273   -2.188309
 132    7.276867  56.205791   -1.801777
 135   -2.266082  59.824871   -0.304247
 138    8.495342  52.456928    0.578567
 141    4.465462  22.772308   -0.899910
 144   -2.883448  43.386784    1.198950
 147   -0.625249  23.007462   -1.573864
 150   12.679400  50.591988    0.081107
 153   -2.779984  36.371788   -2.072998
 156    7.097218  35.524227   -2.130978
 159    0.838324  58.003544    0.355346
 162    2.553293  25.934423    0.019265
 165    8.739368  52.790569   -2.324383
 168   -5.569679  35.448544   -1.058503
 171    4.503464  52.856552    0.575438
 174   13.531947  47.483395   -0.967907
 177    8.155313  41.426186   -2.241150
 180   -0.353699  62.023193   -0.179770
 183   12.428893  30.862061   -0.876041
 186    6.949504  62.703342   -0.888828
 189   -2.495762  47.527985    1.342401
 192   11.299239  56.009022   -1.264084
 195   -4.061968  25.478474   -0.208687
 198    9.521606  48.201050    1.042436
 201    1.786806  54.307705    0.554128
 204   -4.499176  28.720987   -1.186447
 207   13.776526  44.412827    0.189104
 210    0.439472  41.079109    0.949773
 213   -6.123932  41.904541   -1.307559
 216   10.257796  58.610950   -1.092083
 219   -2.113012  31.578341    0.960322
 222   -1.484051  29.990654   -2.391407
 225    4.677052  64.465446   -0.327589
 228   10.847247  37.961357   -2.561890
 231   -5.332903  38.475601   -1.214390
 234   -2.991791  39.061806    1.116415
 237   12.166599  53.367817    0.053098
 240   -1.201208  27.326786    0.655649
 243   13.281020  41.091469    0.197592
 246    1.915945  29.672588   -1.978645
 249    7.935112  31.350279   -2.545074
 252   11.655754  24.337543    0.438591
 255   10.327293  20.938614   -0.412327
 258    0.000000   0.000004   -0.000004
 261    7.403194  22.462969    0.179824
 264    3.951439  56.711781   -1.608669
 267   -0.865074  26.533518   -2.065571
 270    9.185017  33.721931    1.246171
 273    1.707434  29.819258    0.574507
 276   -2.109215  47.296440   -2.404026
 279   -5.839367  45.175388   -1.168797
 282   -2.156734  35.326263    1.107802
 285   -4.632267  32.402527   -1.290897
 288   -0.500908  51.312267   -1.670818
 291    9.956394  37.937294    1.149368
 294    1.507736  33.696766    0.794121
 297   11.999237  27.353571   -0.375484
 300   -4.518304  53.971165   -0.598032
 303   -0.063873  33.666122   -2.185162
 306   -3.314892  21.983345   -1.324367
 309   -0.167253  39.736580   -2.304665
 312    9.113377  29.824938    1.159200
 315    1.199135  44.268089   -2.641895
 318   -5.858078  48.338852   -1.164516
 321   10.757799  34.086327   -2.766136
 324    5.684364  49.400127   -1.916332
 327    9.297585  24.773460   -1.985867
DATA_COMPLETE
