variable listc
330
variable vLength
0
   0  -11.121553 -15.870018   -5.134396
   3  -21.565212 -51.025829   -4.390910
   6  -18.951651 -64.674187   -4.255427
   9   -3.361330 -65.218430   -4.086148
  12   -0.467049 -45.475891   -4.888827
  15  -15.210941 -21.671112   -4.336346
  18   -4.348996 -23.053289   -4.842464
  21  -17.747551 -44.002674   -3.158931
  24   -1.914404 -44.054825   -4.079534
  27  -10.249826 -62.553650   -4.201426
  30  -12.778182 -51.785706   -6.718661
  33  -20.725487 -30.060646   -4.838994
  36   -6.617243 -64.053200   -5.395412
  39  -21.957390 -38.939648   -4.507627
  42   -8.887999 -50.414120   -3.505313
  45   -7.725302 -38.982311   -3.723293
  48  -16.009434 -32.455791   -3.246680
  51  -13.188355 -63.557465   -4.485538
  54  -10.990701 -47.814892   -6.913860
  57   -8.133811 -53.197079   -3.596261
  60   -4.489740 -58.146721   -3.695425
  63  -17.817207 -31.346378   -3.637051
  66   -9.046435 -63.102489   -5.498258
  69   -5.377684 -48.276855   -7.217780
  72   -1.089748 -52.950390   -4.844147
  75  -12.031966 -34.803299   -3.814437
  78  -12.357480 -47.839691   -3.419234
  81   -9.786716 -43.468822   -3.658775
  84  -12.705503 -39.377811   -3.490237
  87  -20.555212 -52.840256   -5.792245
  90   -3.619974 -22.100716   -5.400247
  93   -4.731512 -44.016666   -3.496924
  96   -7.069963 -24.901981   -4.484384
  99   -7.250976 -34.466568   -4.017441
 102   -9.798234 -60.169346   -5.671221
 105  -14.035747 -55.662273   -6.241720
 108   -0.614973 -50.173721   -4.982245
 111   -2.520002 -39.712521   -3.964010
 114   -7.577615 -49.244556   -3.474705
 117  -12.062579 -59.754375   -5.464212
 120   -6.250906 -43.072216   -7.202636
 123  -14.056695 -18.720669   -4.982117
 126  -11.761706 -22.763994   -4.425545
 129  -14.749434 -43.915096   -7.140546
 132   -6.458642 -30.216314   -4.252483
 135  -19.121000 -25.619396   -5.152914
 138   -4.192335 -30.753279   -4.252863
 141   -9.837347 -63.533783   -4.526068
 144  -17.787027 -42.310387   -3.168571
 147  -16.458725 -63.880791   -4.660584
 150   -0.833802 -36.292740   -4.905041
 153  -20.270441 -57.727913   -5.675718
 156   -9.021004 -57.270248   -6.358275
 159  -15.203368 -26.651640   -3.827711
 162  -12.382936 -61.453873   -3.911432
 165   -6.457448 -37.680286   -7.354529
 168  -21.056057 -54.994740   -4.708289
 171   -9.897683 -33.637440   -4.001152
 174   -0.472539 -39.397186   -5.037960
 177   -7.859988 -51.595699   -6.887943
 180  -16.897640 -21.870903   -4.685676
 183   -1.791045 -57.267731   -4.529670
 186   -6.429585 -19.874859   -5.063702
 189  -16.976112 -37.214760   -3.141936
 192   -1.615318 -29.352232   -5.138392
 195  -19.952843 -62.116539   -4.495905
 198   -2.796623 -35.067402   -3.942515
 201  -13.286451 -31.619267   -3.795518
 204  -20.279457 -59.830612   -4.575813
 207   -0.548471 -42.878536   -4.763545
 210  -14.242430 -43.782749   -3.453541
 213  -21.522921 -51.475090   -4.708289
 216   -2.398756 -25.782595   -5.397209
 219  -16.445850 -53.393566   -3.007776
 222  -18.629274 -62.592144   -5.474290
 225  -10.069372 -17.743938   -4.872749
 228   -5.254812 -55.567112   -6.859634
 231  -21.045094 -55.343903   -5.005657
 234  -17.891409 -46.787384   -3.270423
 237   -0.914698 -32.317047   -5.189530
 240  -15.687896 -57.057793   -3.136554
 243   -1.189708 -47.378498   -4.441316
 246  -14.436004 -62.029999   -6.005054
 249   -8.370118 -61.812210   -5.753444
 252   -2.612884 -62.734505   -4.417359
 255   -4.114748 -65.902664   -4.702727
 258  -18.837057 -65.664124   -4.427319
 261   -6.457947 -64.105545   -4.650936
 264  -10.895430 -29.072035   -4.093758
 267  -17.710835 -64.422806   -5.090267
 270   -3.519382 -50.338192   -3.769633
 273  -12.268162 -55.141552   -3.515820
 276  -20.095663 -46.929501   -6.609203
 279  -22.071301 -46.584309   -4.822477
 282  -16.698755 -49.998520   -3.120726
 285  -20.624880 -57.711452   -4.768574
 288  -17.294554 -39.470615   -7.234140
 291   -2.662890 -46.694004   -3.824719
 294  -12.387634 -51.344475   -3.416715
 297   -2.193692 -59.739262   -4.319122
 300  -21.869116 -35.523560   -5.730864
 303  -17.281416 -59.347713   -6.563175
 306  -19.453188 -64.999580   -4.558465
 309  -17.697435 -54.099121   -6.823861
 312   -3.658745 -54.066162   -3.578770
 315  -16.349777 -49.878918   -7.029553
 318  -22.415113 -42.627491   -4.973659
 321   -5.579934 -59.667416   -6.633927
 324  -10.127557 -41.449516   -7.066534
 327   -5.026422 -65.151016   -5.598562
DATA_COMPLETE
