variable listc
315
variable vLength
0
   0  -11.324331 -13.547199   -5.719052
   3  -21.994545 -41.556477   -4.376822
   6  -18.841961 -64.715652   -4.241604
   9   -3.806701 -65.079407   -4.011511
  12   -0.532889 -41.071457   -4.832973
  15   -9.942658 -22.530273   -7.390366
  18   -5.539376 -48.208565   -3.431114
  21   -9.812849 -37.106045   -3.835057
  24   -4.598513 -47.358929   -7.226666
  27  -20.764206 -51.204655   -4.050753
  30  -19.856760 -59.648537   -5.392485
  33  -13.781738 -38.923824   -7.128015
  36   -5.381758 -20.849340   -6.597243
  39  -14.349428 -24.111191   -4.039530
  42  -17.525211 -32.913105   -3.409532
  45  -13.759748 -44.492100   -3.500044
  48  -20.278090 -27.673555   -5.058068
  51  -16.317562 -57.098705   -3.179451
  54  -16.145056 -58.319073   -6.514955
  57  -12.630194 -14.830172   -5.469532
  60   -2.451604 -57.071758   -4.124207
  63  -18.106926 -37.138275   -7.362504
  66  -14.279038 -24.344057   -7.264994
  69   -2.703853 -27.256676   -4.996636
  72   -3.170457 -64.797043   -5.534555
  75   -5.585613 -52.094444   -7.202323
  78   -5.167716 -39.679607   -3.609005
  81   -2.729279 -60.807915   -5.524068
  84  -13.804151 -35.483860   -3.496155
  87  -22.088976 -39.300781   -6.187592
  90   -1.144771 -34.715775   -4.695076
  93  -13.248900 -34.911884   -7.286593
  96  -16.724636 -45.817600   -7.211440
  99   -9.114355 -32.269039   -7.595995
 102  -12.357649 -62.636772   -5.607818
 105  -10.896864 -18.433874   -4.836923
 108  -13.470265 -31.231682   -3.780170
 111  -13.646714 -39.891750   -3.407206
 114  -16.699360 -28.220785   -7.215505
 117  -13.441862 -20.601713   -4.520502
 120   -7.234439 -25.749826   -7.427484
 123   -9.643080 -46.064651   -3.556195
 126   -8.927237 -56.027721   -6.522794
 129  -18.695154 -63.530861   -5.210548
 132   -6.000244 -63.321865   -4.088670
 135  -21.026188 -31.187592   -5.049314
 138   -8.310696 -48.870136   -6.946764
 141  -12.408865 -54.529415   -3.488876
 144  -18.661411 -49.867962   -7.039415
 147  -21.420565 -46.876209   -5.675863
 150   -9.393737 -41.433941   -3.699171
 153   -0.938659 -45.852570   -4.488912
 156   -4.967252 -56.165787   -6.792075
 159   -4.632209 -42.793903   -7.262866
 162   -1.505308 -49.481564   -5.713286
 165   -5.347160 -35.225834   -3.871747
 168   -5.266282 -44.045265   -3.524725
 171   -7.522188 -27.168169   -4.400078
 174  -13.226009 -55.293633   -6.366664
 177   -9.484592 -14.756808   -5.345280
 180   -6.489297 -59.778114   -6.447777
 183  -17.177513 -41.649635   -7.291985
 186  -15.002347 -51.097733   -6.865973
 189   -5.361484 -30.953588   -4.176092
 192  -11.203094 -27.521639   -7.415689
 195   -5.101750 -52.387070   -3.441207
 198  -20.549128 -55.382607   -4.323362
 201   -0.898296 -38.123596   -4.787563
 204   -4.000427 -23.776590   -4.846119
 207  -18.057135 -37.696564   -3.169637
 210   -7.844876 -55.460567   -3.824996
 213   -5.888675 -29.771528   -7.598027
 216   -9.544469 -40.608345   -7.032358
 219   -0.910424 -41.879021   -4.672612
 222   -9.186977 -50.980305   -3.513371
 225  -16.707613 -28.273975   -3.453555
 228   -9.086399 -36.351246   -7.317544
 231  -13.291950 -30.931690   -7.434448
 234   -9.432112 -32.139542   -4.088213
 237  -21.649975 -43.265793   -6.187908
 240   -9.801985 -59.297379   -3.935531
 243  -15.598151 -62.567303   -5.850925
 246  -18.909161 -24.295034   -5.105547
 249  -14.920887 -17.713432   -6.532256
 252  -13.082721 -59.020924   -3.715797
 255   -4.704743 -34.231750   -7.621535
 258   -9.158731 -62.803669   -5.523888
 261  -21.869116 -35.523560   -5.730864
 264  -17.530174 -54.354706   -6.805767
 267   -1.499458 -53.319649   -4.497186
 270   -8.852291 -44.868359   -7.032884
 273  -12.888336 -43.437103   -7.058058
 276  -17.204926 -20.836283   -5.183540
 279   -1.429835 -31.017426   -6.403277
 282  -10.216859 -52.187099   -6.700474
 285  -12.645823 -47.953648   -6.891932
 288   -7.415061 -17.822578   -6.423541
 291  -17.422974 -47.356316   -3.197880
 294   -9.453245 -22.937588   -4.528254
 297  -16.845722 -52.281322   -3.037508
 300  -11.471349 -27.409510   -4.132737
 303  -17.929308 -42.211849   -3.199921
 306  -17.465208 -33.121300   -7.272075
 309  -13.211775 -49.593613   -3.442062
 312   -4.956287 -38.381516   -7.405334
DATA_COMPLETE
