variable listc
3033
variable vLength
0
   0   -5.098352 -13.347898   -1.363572
   3  -17.461391 -38.966129   -0.496653
   6  -12.745584 -67.898148   -0.591653
   9    2.293985 -68.662872   -2.833822
  12    5.480309 -42.407383   -1.867733
  15   -6.500333 -21.377493   -0.197577
  18   -7.010160 -42.152489    0.255209
  21   -7.010160 -65.349083   -1.452488
  24   -5.414495 -22.524578   -2.496961
  27   -5.832417 -44.064297   -3.083191
  30   -7.105542 -65.731445   -2.434219
  33    3.987043 -34.928448   -1.223900
  36   -2.656273 -38.599010   -0.119693
  39   -9.884289 -37.154053   -3.388828
  42  -16.169531 -50.016911   -1.528172
  45   -3.459229 -58.759640   -2.798095
  48    0.789425 -35.829163   -3.490436
  51    0.808008 -57.449703   -0.483696
  54    3.886299 -40.982445   -0.936623
  57   -8.041880 -53.395794   -2.878657
  60   -9.096983 -62.112560   -2.592598
  63  -11.254139 -61.475342   -2.768760
  66    3.480327 -42.411533   -3.280359
  69   -4.211685 -15.166151   -1.904720
  72   -1.353512 -47.507553    0.073455
  75  -12.333076 -64.052452   -2.194510
  78    2.535025 -68.878471   -3.106019
  81   -4.990313 -48.305695   -3.216184
  84  -15.035463 -35.897617    0.015658
  87    2.680405 -35.786259   -3.320167
  90  -12.157395 -65.612930   -1.704453
  93   -7.007816 -62.926682   -0.763844
  96  -15.212304 -54.745266   -1.719682
  99    3.990770 -32.089729   -2.540841
 102  -12.991682 -62.091873   -0.179275
 105  -10.432287 -48.006130    0.488114
 108  -10.910650 -35.711178    0.854242
 111    3.779418 -36.187336   -1.031351
 114   -8.667742 -65.201454   -0.987092
 117  -11.456720 -31.943108    0.621366
 120   -5.333056 -20.977333   -0.272905
 123   -7.551109 -63.173031   -2.380737
 126  -10.578327 -49.034515   -3.405157
 129   -9.273704 -49.447754   -3.220279
 132  -17.158569 -35.409714   -0.630465
 135   -5.703887 -20.354282   -2.398685
 138   -7.993279 -44.758705    0.316281
 141   -9.698969 -35.320301    0.595798
 144   -4.174791 -33.163155   -2.999404
 147    2.361515 -34.174068   -3.139459
 150    5.641219 -39.969215   -2.198556
 153   -1.173544 -19.209291   -1.141118
 156   -9.059436 -20.733387    0.002363
 159   -8.516101 -64.500519   -2.254954
 162    2.354622 -65.835007   -2.159927
 165  -16.714115 -37.844124   -0.308343
 168    3.770239 -46.435238   -3.188968
 171  -14.571272 -37.512375    0.232911
 174   -3.117960 -24.784210   -0.237721
 177   -4.594387 -53.673618   -2.882727
 180   -6.213561 -25.023012   -0.038538
 183  -14.347156 -24.420197   -0.496241
 186  -12.714866 -49.385601    0.659670
 189  -11.868063 -27.923679    0.350761
 192  -12.885728 -66.699791   -0.580652
 195   -2.837374 -52.882915   -3.024772
 198   -4.003325 -51.452381   -0.175065
 201    3.708185 -27.609699   -2.166497
 204   -2.765730 -65.781326   -1.858245
 207    1.221869 -43.899311   -0.104639
 210    4.332170 -49.556908   -1.529682
 213  -12.208532 -29.115189    0.367315
 216    2.432018 -53.350529   -0.606112
 219   -7.664186 -29.762379    0.260827
 222  -12.088385 -26.608280   -2.407524
 225   -9.465862 -64.956825   -2.217481
 228    3.515834 -58.808914   -2.043961
 231  -10.266431 -28.146370    0.492927
 234  -10.013935 -20.946684    0.001693
 237  -10.182289 -47.457493   -3.424891
 240  -12.663979 -35.596134   -2.958416
 243  -11.470291 -19.021025   -1.134761
 246   -8.402222 -23.275764    0.005216
 249   -1.384528 -25.036098   -0.194933
 252  -14.076239 -32.171936    0.254924
 255  -10.591610 -28.262001   -2.542824
 258    5.574353 -38.065243   -2.289358
 261   -7.882886 -46.280331    0.303652
 264   -1.863949 -57.904381   -3.101507
 267    1.363850 -33.314869   -0.180170
 270   -3.508878 -58.257690   -0.488461
 273  -10.107555 -31.336540   -2.734316
 276   -0.798994 -27.261986   -0.169143
 279  -15.307420 -30.560701   -1.719827
 282  -10.687820 -32.463428   -2.961139
 285   -2.776947 -30.560614    0.112134
 288   -8.327328 -36.009888    0.340562
 291   -9.872217 -20.780806   -2.150290
 294   -0.864729 -41.647781   -3.279549
 297  -14.769208 -33.243362   -2.195751
 300  -12.497010 -46.784073    0.855213
 303  -13.348407 -25.254774   -1.728083
 306    2.746492 -52.520290   -3.492233
 309  -10.474016 -61.102459    0.129021
 312   -1.443607 -66.747787   -3.283080
 315  -11.451128 -49.674133    0.773125
 318   -3.902935 -59.724472   -0.624883
 321  -14.135379 -38.757511   -2.726946
 324   -3.823493 -37.006927   -0.031062
 327   -8.327504 -17.239511   -0.802077
 330  -11.795983 -58.041878    0.280969
 333   -5.061911 -58.235142   -0.508218
 336  -11.453256 -52.548923    0.665318
 339   -3.388445 -27.273895    0.141505
 342   -1.749762 -50.169025   -3.099760
 345  -10.551805 -44.136547    0.704799
 348   -2.476717 -40.297264   -3.203616
 351  -11.465746 -40.932781    0.714582
 354  -10.126894 -62.851009   -2.735733
 357   -3.678951 -57.233437   -2.894531
 360  -12.355967 -37.804066    0.692567
 363   -9.802702 -41.186485    0.592828
 366   -5.522218 -22.391109   -2.502776
 369   -7.949718 -51.650787   -0.110976
 372  -10.705185 -45.450569    0.740539
 375  -11.520659 -30.432936    0.515441
 378   -2.400245 -60.993156   -0.563730
 381  -10.346970 -40.983475   -3.233021
 384   -5.586445 -50.711609   -0.190271
 387  -15.503155 -50.270351   -0.217343
 390    0.329998 -53.160023   -3.416117
 393   -0.898588 -17.032150   -1.512812
 396   -4.725136 -50.213573   -2.845748
 399  -15.726937 -55.193584   -0.315069
 402  -16.833153 -33.465034   -0.519500
 405   -0.832589 -58.451530   -0.193528
 408   -2.779626 -32.384136    0.073057
 411  -14.992246 -27.822741   -1.665466
 414    2.590176 -33.942665   -0.638628
 417    2.486191 -23.356806   -1.923935
 420   -3.748571 -62.555737   -2.765917
 423   -3.171526 -51.345840   -2.991148
 426  -11.859917 -33.238914    0.834149
 429   -1.277781 -31.535992    0.070869
 432  -11.104002 -56.609062    0.354138
 435  -11.405073 -21.883060   -1.733919
 438   -4.387265 -38.200142   -0.022412
 441   -5.200935 -31.237776   -2.841248
 444   -7.372888 -66.017990   -1.788465
 447  -14.144354 -56.760265   -2.099839
 450  -15.573112 -32.560032   -0.116787
 453   -9.616982 -42.419785   -3.156820
 456    3.875601 -49.946972   -2.970887
 459    5.226654 -46.623859   -2.667840
 462   -3.180459 -48.389816    0.073126
 465   -0.376637 -37.779427   -3.414888
 468  -15.342863 -39.364166   -2.154873
 471    5.566473 -41.221310   -2.329429
 474   -3.800028 -41.392082   -0.021017
 477   -0.295926 -25.951481   -0.352150
 480    0.983725 -39.259182   -0.196556
 483    1.665665 -22.351883   -1.751846
 486   -9.335688 -35.961472   -3.205538
 489    3.041808 -48.440224   -0.723638
 492   -5.043285 -35.620163    0.062037
 495    2.697125 -27.879829   -1.174114
 498  -16.032843 -46.111950   -0.073644
 501   -0.024734 -31.076542   -2.918229
 504    1.340187 -22.355358   -2.287952
 507   -3.559154 -27.872362   -2.635550
 510   -6.928988 -56.346390   -2.804638
 513  -14.425088 -46.613472   -2.240870
 516   -0.781199 -52.144127    0.024987
 519   -2.759698 -23.260418   -0.263534
 522   -5.633553 -45.004139    0.117295
 525  -15.514443 -41.533951    0.129413
 528    3.093758 -63.540676   -2.970929
 531   -4.137911 -22.600348   -0.236100
 534  -13.278005 -52.096924   -2.748650
 537   -5.792953 -29.379265   -2.467037
 540  -12.874297 -66.325623   -1.261446
 543   -4.305037 -34.305607    0.086066
 546   -0.637350 -45.422379   -3.347229
 549  -10.600887 -60.366783   -2.931852
 552  -13.683376 -60.015297   -2.007883
 555   -6.686381 -45.874989    0.235648
 558   -2.853776 -34.084259    0.026780
 561    0.696783 -53.099827   -0.018217
 564  -13.874020 -60.837631   -0.288085
 567   -9.584632 -57.078842   -0.094921
 570  -10.125095 -59.064030   -2.958501
 573    2.259424 -67.213982   -3.115203
 576  -14.121159 -52.247021    0.201156
 579   -8.652300 -49.757133    0.044675
 582   -6.861478 -44.274208   -3.118993
 585   -2.416547 -62.706970   -1.099291
 588  -10.228804 -32.749763    0.615292
 591   -9.291724 -44.104813    0.463578
 594  -11.675957 -40.810368   -3.298419
 597  -13.433697 -21.643461   -0.660534
 600    3.420630 -61.268890   -2.949119
 603   -5.723826 -17.654737   -0.716110
 606   -9.355520 -38.692657    0.437762
 609   -0.188175 -28.922108   -0.213152
 612  -10.353607 -24.785440   -2.599040
 615    4.361563 -52.789734   -2.744573
 618  -10.141088 -63.453186   -0.035081
 621   -5.258562 -46.496689    0.094706
 624   -1.216705 -22.485767   -2.620617
 627  -13.151659 -64.817215   -1.666483
 630    0.081187 -48.135990    0.094951
 633   -7.658756 -35.527920   -3.107887
 636   -8.276253 -31.243889   -2.698925
 639  -15.660531 -37.992519   -2.077961
 642   -3.584072 -64.962639   -2.692965
 645    5.570971 -37.039841   -2.376452
 648  -10.421125 -49.282055    0.416339
 651   -2.260645 -42.179920   -0.064472
 654   -7.025492 -58.704288   -0.421621
 657   -1.733883 -18.123415   -2.093815
 660    4.496679 -41.729221   -2.827817
 663    0.563046 -37.455940   -0.190335
 666  -15.306814 -56.162510   -1.588148
 669   -3.763742 -56.317421   -0.260057
 672  -10.189322 -51.987347    0.304073
 675   -9.480384 -52.392380   -2.972390
 678   -0.337479 -47.177265   -3.428319
 681   -2.903155 -50.242222   -0.015657
 684  -12.678788 -41.277809    0.672803
 687    0.194265 -30.512527   -0.151387
 690  -12.619289 -39.196144   -3.145503
 693   -7.906250 -48.904110   -3.195964
 696  -10.211605 -55.910698   -3.041005
 699  -13.868383 -47.962734   -2.587244
 702   -8.756946 -58.434040   -0.257779
 705  -11.270365 -20.442640   -1.494819
 708   -3.966267 -22.513988   -2.577255
 711    4.636297 -43.413109   -3.038231
 714  -12.830406 -67.950432   -0.693898
 717   -1.063127 -63.834095   -1.399943
 720   -9.644917 -57.723263   -2.954503
 723  -11.918774 -34.708214    0.918965
 726    0.272873 -54.369129    0.019118
 729   -3.970513 -66.154404   -2.027185
 732    4.421201 -48.086887   -1.561384
 735   -5.634781 -63.648144   -0.956146
 738    3.376626 -57.174683   -1.624590
 741   -7.929121 -57.102734   -0.281274
 744  -10.498606 -53.348492    0.292414
 747    0.774248 -29.084284   -2.911107
 750  -14.081425 -64.659935   -0.600070
 753  -13.407565 -67.003693   -0.637868
 756   -0.309250 -60.593307   -3.523465
 759   -8.530233 -37.538918    0.368667
 762   -2.192481 -21.920811   -0.436770
 765    0.947430 -41.383831   -3.433333
 768  -11.291868 -62.143414   -0.011102
 771   -9.655625 -64.757454   -0.637211
 774  -15.983915 -36.049240   -1.729733
 777  -10.715198 -18.286434   -0.876252
 780   -6.537366 -40.593056    0.186784
 783    4.694512 -51.666977   -1.903545
 786  -12.023933 -66.934441   -1.136063
 789    3.762321 -55.770741   -1.736923
 792  -13.380123 -63.358158   -0.302706
 795   -7.574180 -15.753577   -1.752621
 798   -3.731538 -43.136837   -0.029676
 801    2.835104 -54.929573   -3.372952
 804   -9.850475 -46.826145    0.443379
 807  -10.717847 -29.299904    0.519281
 810   -6.580069 -51.754387   -0.206185
 813  -13.742360 -59.385811    0.000490
 816   -5.132402 -58.397453   -2.693594
 819  -12.022030 -58.194393   -2.840281
 822   -7.544050 -34.172638    0.339540
 825  -10.122025 -65.935112   -1.720587
 828   -1.997356 -59.609715   -3.019415
 831  -15.908116 -28.313978   -0.424160
 834   -8.806210 -59.098553   -2.792325
 837   -2.146913 -59.434052   -0.426006
 840   -6.026065 -16.411478   -0.756515
 843   -6.806940 -61.720917   -2.458996
 846   -9.823146 -19.413576   -0.313931
 849   -6.062300 -27.779860    0.210928
 852    3.319557 -52.012104   -1.002121
 855   -1.052668 -24.412161   -2.672433
 858   -6.260440 -63.256870   -2.406280
 861   -2.544783 -63.202438   -3.051712
 864  -10.762582 -34.148640    0.804940
 867    3.946010 -53.457924   -1.441561
 870   -0.814440 -35.618713   -0.175090
 873    1.974815 -40.379147   -3.488577
 876   -3.372950 -35.671356   -0.018537
 879  -15.289595 -51.517185   -0.147133
 882   -9.863811 -33.986259   -3.073637
 885   -0.295013 -32.131187   -3.067866
 888    1.733272 -51.974739   -0.218135
 891  -14.598408 -56.176682    0.024392
 894   -9.641047 -22.404676    0.195210
 897  -11.465216 -64.021835   -0.010016
 900  -12.700126 -30.583788    0.386647
 903   -7.552023 -51.880016   -2.861278
 906   -8.348638 -59.648090   -0.321276
 909  -11.991201 -21.216770   -0.222449
 912  -16.128931 -32.319134   -1.484588
 915   -1.854246 -27.736984   -2.733543
 918   -9.284489 -16.763645   -1.411137
 921   -8.021776 -17.067661   -1.857739
 924  -12.392705 -59.720955    0.083629
 927   -8.519415 -22.065468   -2.469351
 930   -9.315657 -23.550955   -2.534216
 933    5.095790 -39.182659   -1.503130
 936  -14.308904 -49.406971   -2.535922
 939    0.717133 -27.270220   -0.577949
 942  -14.513195 -50.632343    0.146320
 945  -11.828140 -56.909679   -2.909869
 948   -2.734453 -21.814062   -2.596224
 951   -0.402680 -43.027924   -0.091371
 954   -9.062329 -60.480991   -2.744144
 957    1.209419 -30.637394   -2.916289
 960   -8.407076 -41.884212    0.396729
 963   -5.964607 -19.048302   -2.382588
 966   -4.784286 -63.821144   -2.575475
 969    0.635682 -65.173553   -1.575125
 972   -5.531076 -40.149261   -3.159538
 975    0.337561 -54.869324   -3.510183
 978  -15.825613 -36.792225   -0.167610
 981   -9.004286 -51.085175   -2.930535
 984    3.155640 -46.939072   -0.776237
 987   -6.122835 -54.396156   -0.185224
 990   -0.623693 -20.812475   -1.046847
 993    3.355442 -53.706581   -3.212546
 996    4.856533 -31.422230   -2.206653
 999   -1.515477 -54.441910   -0.155721
1002    5.221746 -48.014263   -2.690572
1005  -11.468475 -36.580399   -3.313890
1008    2.247250 -29.746836   -2.698349
1011    2.755472 -25.843708   -2.489094
1014   -3.576040 -15.814780   -1.270628
1017  -13.867266 -22.688339   -0.624625
1020   -7.389115 -26.395826    0.325900
1023    4.129396 -30.394722   -1.851353
1026    1.914320 -42.495956   -3.537139
1029  -12.220306 -37.793484   -3.296402
1032    2.547896 -55.901093   -1.050806
1035  -12.875281 -39.877781    0.717827
1038   -8.044426 -43.346031    0.330052
1041   -9.281716 -45.488079    0.500147
1044    3.311663 -51.160610   -3.253022
1047  -12.704593 -29.866579   -2.763259
1050  -16.877075 -46.004574   -0.392583
1053    3.329610 -54.616264   -1.379858
1056    3.721603 -45.632511   -1.081285
1059  -11.927044 -43.903019    0.761356
1062   -2.427540 -33.996922   -3.183424
1065    1.725019 -53.412441   -3.654342
1068    2.550653 -38.939537   -3.323278
1071   -4.390554 -23.961985   -2.585344
1074    4.841034 -50.496010   -2.714653
1077    5.169894 -34.712208   -1.822171
1080  -11.806673 -24.317007    0.236249
1083  -10.468740 -42.448551    0.654277
1086   -8.698363 -27.838867    0.417707
1089   -3.478965 -18.779345   -0.735219
1092    5.459764 -43.986542   -2.165918
1095   -8.309549 -62.677307   -2.447169
1098  -15.787565 -33.967911   -1.758648
1101  -12.116039 -31.766956   -2.865621
1104    0.454260 -33.403339   -3.261590
1107  -14.954187 -36.912289   -2.248803
1110  -11.636659 -48.130371    0.814243
1113  -11.379666 -51.205570    0.740077
1116    1.665322 -62.635693   -1.323645
1119   -0.048307 -22.222670   -0.940257
1122  -15.054663 -35.066280   -2.133587
1125   -9.895885 -59.644566   -0.169177
1128   -5.339767 -42.057758    0.072672
1131   -3.266855 -49.378574   -3.000287
1134   -1.095628 -23.528847   -0.389528
1137   -4.433412 -49.585091   -0.100388
1140    1.087925 -44.251900   -3.462198
1143    3.010496 -28.571409   -2.438179
1146  -10.119965 -26.556170   -2.598826
1149   -7.654381 -45.631504   -3.170881
1152   -7.649498 -40.945156    0.313567
1155  -13.820159 -25.701532   -0.165421
1158    3.718725 -35.207054   -3.006938
1161   -1.992545 -18.240957   -1.118405
1164  -15.616449 -57.753849   -1.263136
1167    1.019070 -61.743122   -3.535093
1170  -12.408484 -54.403030   -2.946115
1173   -3.445415 -47.541733   -3.285505
1176   -2.353000 -26.426672   -0.073225
1179  -11.640715 -42.480923    0.676529
1182    4.656275 -37.668198   -2.755225
1185    1.516691 -24.860641   -2.542555
1188  -11.876518 -53.170639   -3.109479
1191   -7.456737 -16.058392   -0.972788
1194   -7.393835 -19.719189   -2.368176
1197    2.787045 -24.358948   -1.899971
1200   -8.508523 -15.822536   -1.240595
1203    0.378944 -24.951471   -0.685738
1206  -15.909390 -43.607368   -1.847360
1209    1.109021 -55.975494   -0.341583
1212   -0.754025 -41.518940   -0.147393
1215   -2.299989 -20.056681   -0.664894
1218   -4.207231 -61.271175   -0.720914
1221   -0.786074 -38.402611   -0.176357
1224    1.142428 -21.083006   -1.755845
1227  -11.301397 -36.995075    0.843280
1230  -12.341324 -61.106934   -0.087105
1233  -13.438721 -46.666222    0.652391
1236   -9.744438 -29.831566   -2.449131
1239   -4.088534 -32.935883    0.157969
1242   -9.070940 -60.929173   -0.322034
1245   -8.825060 -47.910244   -3.362889
1248    4.470318 -42.994823   -1.424587
1251   -0.232813 -49.178249   -3.351365
1254  -14.878321 -45.113102   -2.154104
1257   -5.854412 -29.330853    0.170701
1260  -11.086685 -39.448898   -3.392293
1263    2.977192 -43.949406   -3.439271
1266  -14.496397 -57.784069    0.040532
1269    2.383993 -47.354713   -3.494827
1272  -14.079985 -23.586178   -1.142490
1275   -3.883608 -46.882404    0.042477
1278   -2.808800 -26.478300   -2.662093
1281   -2.089178 -31.059027   -2.821190
1284  -15.626683 -46.798561   -1.744686
1287   -3.742517 -45.114784   -3.212021
1290   -9.354458 -54.552891   -2.981468
1293   -2.412926 -51.988110   -0.155178
1296   -2.365688 -57.497089   -0.296978
1299    0.970747 -37.786617   -3.486782
1302  -16.447964 -48.907578   -0.670777
1305   -4.213247 -29.790665    0.123386
1308   -7.593926 -18.936234   -0.387169
1311   -8.676073 -32.530361    0.434875
1314   -3.889488 -63.214176   -0.938643
1317    0.165431 -32.367271    0.013055
1320   -3.200369 -17.954027   -2.160355
1323  -16.968071 -43.142998   -0.498781
1326  -11.118027 -44.121223   -3.272176
1329    4.052765 -28.962360   -1.979008
1332  -16.546463 -41.919476   -0.260743
1335    1.503325 -61.161793   -1.163370
1338   -6.958838 -54.577240   -2.885444
1341  -10.753998 -57.235023   -3.055144
1344   -3.614624 -31.632059   -2.928065
1347   -4.126749 -41.507603   -3.144413
1350    3.840229 -36.666317   -3.033795
1353   -1.970259 -44.310902   -3.243044
1356  -11.160098 -46.812489    0.790189
1359   -4.539970 -28.146528    0.183368
1362   -9.220597 -42.707287    0.455556
1365   -5.676100 -38.228863   -3.243190
1368   -7.647661 -39.008392    0.251922
1371   -9.125856 -65.831451   -2.052186
1374  -13.223964 -27.848372    0.038011
1377   -5.569903 -36.968204    0.058800
1380    5.014410 -49.187771   -2.581795
1383    4.200426 -44.361828   -1.322346
1386    0.775957 -58.246075   -3.565544
1389   -8.158749 -62.140354   -0.564147
1392  -10.306866 -50.749676   -3.183854
1395   -1.491282 -50.903873    0.051146
1398  -13.312850 -45.833122   -2.806281
1401  -16.887230 -36.676899   -0.468052
1404  -13.812696 -61.623703   -1.688521
1407  -13.061881 -65.581657   -0.484454
1410  -16.890181 -42.035767   -1.385607
1413    1.164955 -59.208378   -0.671524
1416  -12.390388 -43.430454   -3.170884
1419  -12.408920 -36.051640    0.684115
1422  -15.907179 -53.982399   -0.414063
1425    2.960580 -62.200871   -1.851805
1428   -4.780990 -15.982441   -0.885545
1431  -16.648146 -39.110680   -1.629375
1434  -12.087509 -28.337450   -2.641653
1437  -14.545768 -42.458977    0.316687
1440  -12.873294 -42.585724    0.655179
1443  -14.223384 -35.387314    0.186598
1446   -0.385170 -58.948582   -3.437922
1449   -8.343515 -29.542023   -2.372242
1452  -14.274921 -62.061413   -0.422083
1455    2.665643 -32.915489   -2.909369
1458   -2.355145 -15.759077   -1.768738
1461   -6.880661 -42.652924    0.221372
1464   -9.960962 -31.109623    0.544557
1467  -12.631865 -22.528944   -1.490671
1470  -13.650492 -26.770927   -1.888501
1473  -16.983437 -33.401783   -0.569924
1476  -13.685624 -53.842678    0.282627
1479  -12.144801 -66.095482   -0.520536
1482    1.232165 -35.028801   -0.201545
1485  -10.025322 -61.429363   -2.897892
1488   -9.915823 -17.475977   -0.804040
1491   -4.687362 -54.534309   -0.232082
1494   -6.302992 -26.934765   -2.499984
1497  -12.102936 -45.333355   -3.241074
1500   -7.006298 -47.474854   -3.304351
1503   -5.209232 -62.037926   -2.531873
1506  -16.295885 -50.369724   -0.471525
1509  -11.739197 -55.749844   -3.050764
1512  -15.138787 -40.177006    0.340180
1515   -7.026109 -33.037403   -2.922751
1518  -14.360615 -38.959248    0.374576
1521    1.203835 -32.092945   -3.024513
1524   -6.730642 -20.408403   -0.230439
1527   -2.187353 -19.390692   -2.420404
1530    2.942458 -43.387859   -0.677229
1533  -11.696741 -25.247520   -2.371578
1536  -14.777941 -54.394360   -0.060638
1539    4.885332 -36.268173   -2.699071
1542    4.252199 -38.381779   -1.183135
1545    2.811417 -44.716427   -0.617565
1548  -16.338665 -30.576241   -0.509698
1551   -2.676529 -23.322287   -2.609769
1554  -13.430442 -64.575623   -0.502963
1557   -6.270285 -23.892662   -2.527390
1560  -12.719281 -50.842476    0.669565
1563   -7.259646 -50.192699   -0.076892
1566    0.661589 -63.322151   -3.583025
1569  -10.206425 -43.884125   -3.185616
1572    0.694784 -27.332125   -2.868505
1575   -7.942610 -54.269432   -0.116257
1578   -6.746459 -35.706913    0.194837
1581  -14.429541 -62.356586   -1.158401
1584    4.095299 -55.865036   -2.906806
1587   -0.046981 -46.532379    0.112483
1590    1.734819 -28.307068   -2.750860
1593  -12.949869 -47.338387   -2.981029
1596   -0.167078 -44.715614    0.004001
1599  -13.599855 -32.299919   -2.532643
1602  -11.084353 -23.213278   -2.179160
1605    1.271252 -65.866028   -3.497225
1608    2.678582 -30.804117   -0.967743
1611    1.450051 -28.475857   -0.774801
1614   -8.042234 -26.702536   -2.498443
1617   -0.798828 -39.791454   -0.148442
1620   -4.474293 -37.580227   -3.287972
1623   -1.256416 -53.614113   -3.190368
1626  -13.134773 -57.912899    0.308954
1629  -13.026301 -33.753105   -2.821351
1632    4.148459 -33.118702   -1.619579
1635   -6.147722 -51.076405   -2.809064
1638   -2.025589 -64.661011   -1.540277
1641  -16.112474 -51.681553   -0.382023
1644   -5.243898 -43.643078   -3.098173
1647  -13.285535 -43.690136    0.643296
1650   -6.718465 -64.676018   -1.087539
1653    3.371603 -26.517345   -1.640255
1656  -16.372648 -44.825405   -0.297477
1659    4.270336 -54.377056   -2.854837
1662  -14.420755 -58.353081   -1.896747
1665  -12.190510 -60.144955   -2.597902
1668   -4.404879 -16.868919   -2.119121
1671   -6.361687 -15.167087   -1.058373
1674   -5.059120 -65.855743   -2.430270
1677  -16.669043 -37.202015   -1.546689
1680   -3.056189 -14.731964   -1.620933
1683    3.510271 -50.558186   -1.125729
1686   -2.288910 -40.535065   -0.127448
1689   -9.489057 -54.439056    0.063777
1692   -2.229599 -46.397072   -3.361778
1695  -14.885401 -29.184544   -1.858653
1698   -1.743742 -29.204470   -2.714716
1701   -4.209035 -45.126446    0.007337
1704  -13.155019 -49.009644   -2.966597
1707   -1.468319 -32.623924   -3.124173
1710  -11.367969 -66.398163   -1.396624
1713  -12.653362 -61.369751   -2.197058
1716   -1.997927 -15.647590   -1.583330
1719   -2.505969 -53.550205   -0.223212
1722   -9.453039 -39.466152   -3.247575
1725  -13.240545 -40.510082   -2.871622
1728    4.034492 -33.362301   -2.883863
1731   -6.198811 -46.351357   -3.232512
1734   -2.027922 -35.427986   -0.106390
1737  -16.354324 -39.183296   -0.127474
1740  -14.097302 -35.890484   -2.515177
1743  -12.546604 -50.156891   -3.025428
1746   -8.939257 -46.556549   -3.254042
1749   -4.561262 -46.555309   -3.270151
1752   -8.014305 -61.259922   -2.543740
1755  -13.094302 -23.613062   -0.173922
1758   -0.009329 -34.141987    0.053379
1761  -14.986237 -48.162434   -2.165445
1764  -13.645038 -50.639465   -2.641321
1767    1.789129 -24.623409   -1.313539
1770   -5.214540 -30.799452    0.122953
1773   -5.445262 -62.157104   -0.810852
1776  -13.822030 -63.622303   -1.511212
1779   -8.891741 -25.157820   -2.550386
1782  -13.740911 -49.910480    0.388960
1785    2.795033 -38.911549   -0.621949
1788  -12.338967 -67.528908   -0.877496
1791   -1.821581 -48.290245   -3.293301
1794    0.669754 -39.317406   -3.454467
1797   -6.612316 -16.574675   -2.035396
1800    1.922451 -37.033890   -3.464872
1803  -12.925771 -32.082935    0.502074
1806  -14.987234 -31.859861   -1.967700
1809    1.163840 -49.674503   -3.556126
1812   -3.303845 -14.510524   -1.709066
1815   -3.605595 -14.010029   -1.562237
1818   -8.989206 -41.048683   -3.183731
1821    5.533678 -45.416252   -2.566532
1824   -4.839050 -35.944687   -3.263998
1827   -6.871953 -30.166925   -2.520013
1830   -5.469156 -55.040760   -2.856907
1833    0.489972 -40.829475   -0.120563
1836   -6.333250 -15.213771   -1.872252
1839    2.371002 -45.370644   -3.546905
1842  -12.942815 -33.596802    0.506595
1845    1.814638 -38.093384   -0.368921
1848    2.305601 -61.195381   -3.256738
1851  -14.869884 -25.326061   -0.548402
1854  -15.504767 -27.194336   -0.624737
1857  -11.182306 -59.772732    0.192705
1860   -1.003201 -63.338703   -3.407103
1863  -17.503529 -39.343502   -0.581795
1866   -7.291123 -28.354025    0.276004
1869    4.660284 -34.614288   -2.585426
1872   -7.705284 -50.340935   -2.931804
1875  -11.264029 -64.958076   -2.029266
1878   -6.947087 -21.866274   -0.104733
1881   -8.110157 -65.979935   -1.586466
1884   -0.242285 -56.877975   -3.469913
1887   -1.736673 -28.102188    0.082806
1890   -3.749628 -39.652458   -0.051394
1893  -13.597446 -36.801365    0.373357
1896   -0.686475 -55.627174   -0.036351
1899    4.323185 -38.954475   -2.830524
1902   -6.280474 -53.078056   -2.830191
1905   -7.865384 -64.042313   -0.746957
1908  -15.703125 -43.128941   -0.058230
1911   -7.920911 -23.750854   -2.530115
1914   -9.037010 -51.488552    0.039900
1917    3.907858 -57.449471   -2.728072
1920   -5.624728 -22.694000   -0.198268
1923   -1.511404 -64.954132   -3.241144
1926   -4.327145 -17.435621   -0.986268
1929    0.881844 -59.941555   -3.656039
1932   -0.136003 -66.059120   -3.545835
1935   -7.015315 -32.465664    0.245087
1938   -5.054789 -14.289100   -1.851094
1941  -11.701274 -46.911411   -3.365721
1944    1.716476 -51.250793   -3.529042
1947  -12.306463 -53.589466    0.622216
1950  -13.080056 -62.935116   -1.824503
1953   -8.202789 -55.173279   -2.917269
1956   -6.403966 -13.962502   -1.340370
1959   -3.384266 -29.352808   -2.619086
1962    2.128424 -64.464088   -1.729114
1965  -12.270757 -22.464840   -0.029936
1968   -6.767029 -42.619862   -3.106507
1971   -7.431353 -59.519447   -2.626978
1974  -11.515205 -50.574589   -3.193789
1977  -16.855825 -32.405170   -0.473233
1980  -15.162639 -34.145477   -0.083015
1983  -15.531602 -38.455521    0.056206
1986   -5.395305 -43.540180    0.066023
1989  -12.274090 -51.560848   -3.079451
1992   -1.568750 -49.082516    0.152297
1995    2.848016 -29.493607   -1.284172
1998   -0.386299 -20.294878   -2.354942
2001   -5.435190 -56.841290   -2.798960
2004    2.213169 -67.083679   -3.146705
2007   -8.860846 -34.805588   -2.950412
2010    2.011116 -63.107273   -3.318522
2013    5.726650 -42.540440   -2.368248
2016   -2.177530 -35.494732   -3.322572
2019   -8.668945 -55.658352   -0.126999
2022   -3.001469 -20.413607   -2.504073
2025  -11.195499 -59.041447   -2.938946
2028    0.143446 -51.079941    0.165293
2031   -3.228885 -16.286194   -1.896120
2034  -10.570377 -45.879025   -3.292101
2037  -14.128003 -47.257168    0.382022
2040  -10.210671 -55.710964    0.146106
2043   -4.047235 -55.544609   -2.919469
2046  -16.696445 -31.503437   -0.500706
2049   -8.594195 -38.528042   -3.230653
2052  -10.865379 -42.458485   -3.215184
2055   -5.475844 -32.335564    0.196887
2058   -2.939594 -44.990574    0.006373
2061  -13.179336 -45.264515    0.644138
2064   -5.166072 -56.361141   -0.339006
2067  -15.794814 -52.892700   -0.422454
2070  -15.195136 -26.241106   -0.547627
2073  -15.221680 -46.318470    0.203255
2076    1.122911 -46.106030   -3.528586
2079  -10.662071 -38.349651    0.670821
2082   -5.781311 -17.518833   -2.237069
2085   -4.258333 -13.477519   -1.411215
2088    0.149584 -21.739353   -2.411838
2091  -10.766972 -66.032661   -1.743078
2094  -15.757871 -52.873020   -1.630840
2097  -10.878365 -54.628574   -3.133617
2100   -6.944951 -23.465242   -0.125641
2103   -1.787094 -37.179939   -3.373147
2106  -14.473951 -43.573505   -2.493438
2109  -12.133200 -19.953197   -0.841317
2112    0.048465 -18.910442   -1.631367
2115    1.743979 -68.622253   -2.842952
2118    1.565380 -45.787258   -0.304459
2121    2.756527 -67.777969   -2.857783
2124    0.316278 -63.553799   -1.278288
2127   -6.374853 -36.654640   -3.355880
2130   -4.305952 -39.493702   -3.207884
2133    4.839571 -46.802299   -1.769316
2136    1.164820 -67.630020   -3.298125
2139    2.027842 -57.227840   -0.964868
2142    4.281683 -44.947971   -3.056979
2145    2.233494 -58.537468   -1.185570
2148   -6.381364 -18.910475   -0.482254
2151  -14.805097 -60.753315   -0.419120
2154   -2.604610 -66.377121   -2.826088
2157   -3.802291 -52.836720   -0.262691
2160   -5.758404 -41.695457   -3.138598
2163   -5.599588 -25.438402   -2.538816
2166    1.937568 -50.529366   -0.278465
2169   -4.905222 -24.210365   -0.211525
2172    4.639063 -37.084930   -1.366865
2175  -13.944754 -40.412090    0.549938
2178  -11.729137 -39.319370    0.813309
2181   -0.535854 -40.279610   -3.331125
2184   -8.180223 -42.511616   -3.124331
2187    0.538205 -67.230431   -1.934761
2190   -6.245890 -49.028133   -0.073384
2193   -5.295788 -13.297211   -1.557730
2196  -14.816996 -28.325272   -0.244702
2199    2.031549 -36.571823   -0.375105
2202    1.988037 -54.526363   -0.567882
2205  -10.812336 -23.360729    0.272981
2208   -8.823080 -32.528687   -3.002495
2211   -7.506382 -60.781609   -0.541068
2214  -13.475225 -37.318882   -2.841974
2217   -1.427600 -45.609821    0.043477
2220  -14.799856 -52.864639   -0.078763
2223    3.650572 -58.729893   -2.975349
2226   -5.743426 -59.900745   -0.653316
2229   -3.783491 -20.729151   -0.396197
2232  -11.156174 -63.368217   -2.600621
2235  -15.732253 -48.877522   -0.384736
2238  -11.209723 -54.656345    0.565140
2241   -6.715738 -31.547520   -2.800631
2244  -12.563165 -54.887875    0.526809
2247   -6.993083 -53.070621   -0.218158
2250  -15.994863 -40.688923   -1.725834
2253  -15.380980 -56.682011   -0.202518
2256  -12.367213 -64.560181   -0.396188
2259  -10.579531 -65.101952   -0.603292
2262   -4.686768 -26.671183   -2.574273
2265    0.450243 -36.098297   -0.198771
2268   -7.652850 -65.441742   -1.391202
2271   -8.150478 -20.294815   -0.120538
2274   -9.350880 -63.504951   -2.413363
2277   -2.354196 -55.844986   -0.177497
2280   -5.466974 -32.652676   -2.976538
2283   -8.975713 -27.955675   -2.401022
2286   -4.011656 -60.506401   -2.701189
2289  -12.368221 -41.960613   -3.159484
2292  -14.968540 -50.442646   -2.041143
2295   -5.205076 -65.092422   -1.621724
2298    5.000081 -40.401836   -1.503122
2301    2.587374 -49.408199   -3.408586
2304  -11.672305 -26.523817    0.373722
2307   -0.120073 -67.579720   -3.375726
2310  -12.187504 -63.028553   -0.039409
2313    1.368359 -42.223644   -0.115427
2316    1.249409 -34.737221   -3.474242
2319    3.203258 -42.106857   -0.721447
2322  -12.805693 -25.080444    0.043990
2325  -15.114820 -42.234001   -2.205171
2328  -14.226685 -27.042208   -0.241122
2331   -8.043253 -33.932346   -2.888067
2334    4.278231 -40.157803   -2.822665
2337   -8.775506 -47.021954    0.277536
2340   -5.157295 -28.215014   -2.530756
2343    2.266256 -40.685471   -0.416806
2346    2.549232 -32.383686   -0.509262
2349    4.870129 -45.333786   -1.671389
2352    2.923805 -64.637505   -2.928929
2355    2.800314 -66.093124   -3.030232
2358   -0.494209 -36.116898   -3.408620
2361   -7.858856 -37.246403   -3.254275
2364   -0.276296 -17.690023   -1.642067
2367   -3.958116 -25.294140   -2.550845
2370   -0.002510 -49.572060    0.106535
2373  -10.917486 -21.729879    0.006338
2376  -13.310641 -38.384003    0.580468
2379  -15.432528 -44.634705    0.059414
2382  -13.643491 -55.653725    0.264699
2385   -8.758907 -52.902328   -0.065030
2388    0.721897 -19.814232   -1.961800
2391   -8.849104 -63.513172   -0.509560
2394  -10.424353 -58.279640    0.031032
2397  -11.424346 -65.443756   -0.481823
2400  -16.471210 -40.440361   -0.034571
2403    2.983858 -25.400318   -1.704936
2406  -14.177837 -33.605480    0.168945
2409   -5.325788 -34.181511   -3.077279
2412   -5.012672 -19.157516   -0.485311
2415   -1.276768 -66.388618   -1.987419
2418   -9.507655 -62.282787   -0.197968
2421  -15.973383 -34.234993   -0.266638
2424   -8.857182 -56.510429   -2.907933
2427  -10.606255 -25.280893    0.470748
2430   -4.015428 -31.507654    0.084639
2433   -9.867445 -36.868977    0.592734
2436   -8.207559 -31.108938    0.367932
2439   -8.636890 -43.994778   -3.125434
2442    1.096781 -23.579414   -2.568894
2445   -1.247385 -51.857342   -3.160407
2448   -7.405091 -14.751631   -1.268753
2451  -16.239281 -47.359932   -0.228944
2454   -1.390046 -34.328129   -0.064795
2457   -6.888902 -55.682785   -0.261385
2460    0.779818 -68.538635   -3.207633
2463    1.337153 -29.851810   -0.670060
2466   -7.040087 -21.132380   -2.420011
2469  -10.445419 -64.470871   -2.238784
2472   -9.254347 -48.338799    0.204986
2475   -1.872196 -43.856148   -0.026759
2478    1.240593 -56.705688   -3.558986
2481  -15.310177 -31.108185   -0.137663
2484    1.891404 -49.072086   -0.304653
2487   -2.822556 -54.507175   -3.016090
2490    3.718896 -31.850424   -1.368793
2493   -5.403601 -26.504589    0.173293
2496   -0.402102 -29.954233   -2.838533
2499  -15.882760 -51.345715   -1.760341
2502   -1.543678 -20.858318   -2.557613
2505   -1.499359 -16.363600   -1.573096
2508  -14.032736 -30.654591   -2.487147
2511   -9.914980 -19.314083   -1.978034
2514   -0.313063 -43.269608   -3.327595
2517  -15.894094 -48.615288   -1.777466
2520   -9.211611 -29.770750    0.425794
2523   -4.241494 -14.741022   -1.203362
2526   -2.687262 -24.851147   -2.612505
2529  -17.651360 -38.161339   -0.956568
2532   -6.051373 -64.705559   -2.394950
2535   -7.149840 -37.468388    0.231080
2538  -17.073494 -34.410545   -0.542189
2541  -10.401375 -53.482479   -3.056737
2544   -5.176075 -40.246719    0.053497
2547   -8.599604 -20.325586   -2.394858
2550   -0.736179 -18.909979   -2.183731
2553  -10.118279 -26.821905    0.462526
2556  -13.618297 -42.318333   -2.724531
2559    2.363989 -57.967293   -3.386117
2562  -16.923391 -47.479485   -1.064535
2565  -14.675665 -53.494640   -2.025001
2568  -10.140423 -22.104948   -2.265016
2571  -10.964326 -20.069035   -0.337473
2574  -16.145836 -29.469978   -0.463496
2577  -13.795569 -65.661385   -0.559478
2580   -5.971691 -38.822876    0.085308
2583   -5.806034 -60.166016   -2.571740
2586  -14.232402 -63.527325   -0.492273
2589    5.015228 -32.516022   -2.227066
2592   -0.341559 -65.880615   -1.573455
2595   -2.145988 -61.478973   -3.067517
2598  -15.193369 -47.654690   -0.003304
2601    3.675398 -59.907177   -3.050513
2604   -4.904552 -48.176079   -0.042568
2607   -0.100876 -23.539091   -2.642932
2610  -11.875301 -48.787441   -3.259192
2613   -1.447680 -29.829502    0.083578
2616   -8.890900 -18.533978   -0.448304
2619    1.025341 -48.105476   -3.558919
2622   -5.309198 -14.720675   -1.034745
2625    3.336855 -62.444431   -2.883742
2628  -12.824653 -52.233601    0.551162
2631  -12.809227 -56.840981   -2.652066
2634   -7.060998 -22.536201   -2.460271
2637  -14.607778 -40.775993   -2.324697
2640   -7.226982 -18.189201   -2.251834
2643  -13.262551 -35.130459    0.404808
2646   -0.734696 -36.898769   -0.162444
2649    1.357178 -31.563946   -0.409825
2652  -12.288515 -56.444130    0.483190
2655    0.220726 -25.531172   -2.751707
2658   -6.567312 -30.810507    0.201617
2661    3.598669 -30.249973   -2.449802
2664    0.690455 -23.522791   -0.871937
2667   -7.046361 -38.434505   -3.197902
2670   -3.927654 -64.506439   -1.527987
2673   -4.396191 -30.115870   -2.640880
2676   -3.391447 -36.539978   -3.325136
2679   -0.288307 -60.283104   -0.186367
2682  -14.029886 -54.814537   -2.274137
2685   -3.799412 -43.313118   -3.120915
2688    2.699734 -56.445488   -3.192559
2691   -6.721033 -58.109333   -2.704403
2694    0.000002   0.000000    0.000000
2697   -7.676888 -48.221565    0.032144
2700    1.537776 -47.419933   -0.276092
2703  -17.187819 -40.596870   -1.070062
2706    2.515928 -35.362503   -0.661200
2709   -6.593248 -34.722561   -3.059968
2712   -2.271312 -56.256462   -3.083962
2715   -1.201891 -53.200214   -0.115131
2718   -4.119343 -25.884661   -0.041822
2721  -10.129526 -50.555641    0.356732
2724   -2.736881 -17.135271   -1.324312
2727  -13.698916 -51.289452    0.410685
2730   -9.543724 -45.219364   -3.210053
2733  -13.592955 -28.422928   -2.286171
2736   -2.808792 -32.622513   -3.081019
2739    3.257950 -40.861050   -3.179384
2742  -14.415646 -45.609211    0.387401
2745  -12.089918 -62.597813   -2.369251
2748    3.679621 -39.789051   -0.884418
2751    5.605902 -38.978878   -2.396826
2754   -9.081048 -25.651428    0.382664
2757  -13.850902 -48.550739    0.345194
2760   -8.899971 -40.055897    0.410547
2763  -13.224241 -55.614475   -2.545502
2766   -7.137733 -17.595343   -0.648728
2769   -5.224912 -52.465553   -0.253831
2772   -9.104603 -34.053459    0.518759
2775   -0.510277 -26.951265   -2.766943
2778  -14.480520 -43.863979    0.352940
2781   -6.834539 -44.236195    0.193257
2784    4.804524 -41.783195   -1.468081
2787   -8.176383 -21.809408    0.039813
2790  -17.567066 -37.103195   -0.753073
2793    3.711576 -48.139118   -3.108596
2796   -0.814053 -34.294846   -3.349163
2799   -8.236244 -57.802425   -2.774715
2802  -11.029388 -52.148640   -3.142804
2805   -6.257900 -49.271881   -2.998169
2808    2.207422 -59.574917   -3.417834
2811  -13.407994 -44.308147   -2.856363
2814   -9.673957 -24.134266    0.332030
2817   -7.039730 -39.920235   -3.132521
2820    1.992165 -26.831713   -2.722793
2823  -16.945501 -44.372391   -0.602778
2826  -11.231814 -30.106628   -2.639307
2829   -3.009367 -38.367199   -3.277136
2832    0.342533 -64.560745   -3.628793
2835  -11.717933 -33.683544   -3.056502
2838   -6.441298 -66.039307   -1.855258
2841   -0.383694 -61.955513   -3.571675
2844   -4.156864 -19.497866   -2.400625
2847   -2.215173 -37.229198   -0.100647
2850  -10.396994 -39.785690    0.643363
2853  -13.958832 -41.424931    0.475669
2856   -4.536949 -21.152506   -2.476638
2859   -4.678474 -18.268755   -2.307222
2862  -12.690340 -20.935028   -0.867951
2865   -7.831631 -24.839296    0.117768
2868    5.270006 -33.719875   -2.265357
2871   -1.314531 -38.984291   -3.323795
2874    0.294573 -51.178295   -3.317506
2877   -6.354644 -57.338917   -0.370088
2880    3.178354 -37.586517   -3.135818
2883    1.845061 -26.265921   -0.975722
2886    1.763920 -64.598053   -3.370994
2889   -3.901085 -34.772335   -3.249987
2892  -14.940985 -29.678257   -0.142777
2895   -7.646402 -40.826866   -3.138461
2898   -5.918677 -33.956146    0.174227
2901  -12.999802 -26.589149    0.054355
2904    2.730650 -60.130703   -1.612503
2907    3.079431 -37.511177   -0.809637
2910   -1.264376 -55.306808   -3.217835
2913   -1.027575 -56.888794   -0.094035
2916  -13.281146 -53.362343   -2.698592
2919  -12.423113 -23.936085   -1.961872
2922   -0.491014 -62.088810   -1.043068
2925  -16.229731 -35.282803   -0.268233
2928    1.621303 -55.134853   -3.578981
2931    1.856439 -68.995102   -3.182384
2934  -10.911953 -35.243507   -3.232902
2937   -0.591702 -28.423731   -2.831799
2940   -6.348267 -61.457493   -0.717316
2943   -7.518351 -64.498680   -2.341322
2946  -16.607931 -34.972305   -1.336210
2949  -14.779222 -49.138638    0.011512
2952  -14.502851 -51.847996   -2.271120
2955  -13.103089 -58.547680   -2.402743
2958   -4.810600 -51.971657   -2.865624
2961  -13.889631 -34.560150   -2.610501
2964   -3.044449 -28.934401    0.165865
2967  -13.922091 -30.746387    0.118564
2970   -6.456024 -47.470547    0.032350
2973  -15.006104 -59.376842   -0.287737
2976  -17.328030 -36.114250   -1.109347
2979    5.441305 -35.871128   -1.852985
2982    2.551350 -31.286491   -2.703864
2985   -5.254953 -16.047924   -2.076888
2988   -2.352491 -42.421036   -3.199599
2991   -1.317328 -33.020901    0.063398
2994   -5.671501 -45.033897   -3.139143
2997  -10.550761 -38.204308   -3.414945
3000  -13.707595 -29.333714    0.110796
3003   -1.328432 -25.937679   -2.683703
3006   -2.582772 -46.741951    0.027084
3009  -12.036205 -45.260612    0.829574
3012   -2.280071 -17.019421   -1.990408
3015   -8.708794 -18.359430   -2.043210
3018  -12.868788 -48.086418    0.664250
3021   -3.345925 -54.584663   -0.227085
3024  -16.095339 -45.371956   -1.614647
3027   -7.134808 -28.385201   -2.389597
3030   -7.214889 -25.257246   -2.538455
DATA_COMPLETE
