variable listc
321
variable vLength
0
   0  -10.960574 -14.395943   -5.307312
   3  -21.630787 -43.011505   -4.538298
   6  -18.841961 -64.958145   -4.279931
   9   -3.685437 -65.200668   -4.025632
  12    0.073395 -41.071457   -5.365844
  15  -10.960574 -19.367310   -4.792630
  18  -11.809351 -62.896870   -4.122490
  21   -4.165926 -42.547661   -7.248459
  24  -17.082184 -28.823706   -7.206289
  27   -7.371133 -44.344780   -7.143369
  30   -2.510733 -46.772167   -3.893436
  33  -15.568470 -17.597235   -5.614313
  36  -20.079107 -59.767960   -5.183146
  39  -10.424228 -64.064781   -5.012847
  42  -13.045265 -15.730506   -5.298180
  45   -6.094001 -34.756207   -7.737866
  48  -15.515861 -47.789875   -6.988473
  51  -18.945444 -40.952812   -7.313622
  54   -8.849529 -37.125126   -3.866839
  57   -2.751132 -62.092846   -4.297621
  60  -14.712615 -57.153645   -3.254592
  63   -2.277172 -41.339779   -3.970472
  66  -21.277130 -38.201889   -4.203538
  69   -3.003989 -35.017189   -3.872450
  72   -2.518409 -25.880514   -6.093479
  75   -0.265987 -39.107742   -5.733700
  78  -19.072599 -65.534210   -4.539315
  81  -19.192289 -45.590355   -7.104179
  84   -4.592470 -47.524086   -7.233399
  87   -9.673002 -15.277940   -5.238952
  90   -9.528787 -25.283026   -7.434021
  93  -21.401274 -46.645264   -5.740345
  96   -1.937362 -29.240545   -6.304063
  99   -2.317271 -57.728336   -5.555187
 102   -4.865302 -19.666304   -5.814555
 105  -21.690859 -42.537132   -4.532312
 108  -17.617088 -58.453323   -6.587279
 111  -17.611534 -53.285774   -6.930918
 114  -20.519720 -30.614658   -6.404896
 117  -11.349639 -22.121733   -4.520742
 120  -11.576179 -33.643387   -3.885227
 123   -7.116058 -55.745010   -3.840364
 126   -0.785642 -35.566246   -6.138564
 129   -6.756465 -64.077995   -5.042741
 132   -6.368616 -25.323956   -7.280432
 135  -13.492369 -56.375797   -6.054195
 138  -10.047832 -18.560940   -4.819110
 141  -14.947984 -37.794693   -7.172902
 144  -15.407907 -32.940720   -7.275663
 147  -13.304189 -51.668308   -6.726549
 150  -12.456152 -25.866568   -4.202803
 153  -20.092239 -27.307802   -6.148145
 156  -14.974833 -52.106144   -3.139271
 159   -6.479621 -44.888058   -3.581640
 162   -9.366202 -62.205608   -5.554811
 165  -11.232098 -46.218597   -6.944335
 168  -20.891605 -34.009857   -4.395838
 171  -10.841243 -53.859943   -3.576549
 174  -15.805256 -35.612812   -3.136293
 177   -0.273745 -44.040833   -5.734441
 180   -8.594685 -49.532101   -6.891422
 183   -6.575629 -61.457851   -6.256491
 186  -13.122620 -63.764389   -5.026563
 189   -0.833371 -32.385582   -6.177817
 192  -11.018000 -48.145107   -3.437302
 195   -3.705520 -22.674395   -6.273691
 198  -14.952218 -26.927229   -3.803550
 201  -16.416822 -62.242584   -6.109644
 204  -17.304365 -20.550404   -5.309926
 207  -11.407151 -29.300591   -4.064431
 210  -19.631313 -63.162411   -5.034452
 213   -6.901795 -17.296507   -5.436585
 216   -4.071813 -29.424721   -4.302139
 219   -4.356571 -58.781216   -3.658020
 222   -5.714335 -39.409809   -3.652920
 225  -12.082243 -60.656029   -5.428472
 228   -1.869217 -53.113056   -4.302792
 231  -10.031935 -42.557632   -3.677825
 234   -5.657261 -52.390369   -7.211655
 237  -14.980087 -43.135128   -7.134993
 240  -14.946574 -23.263105   -4.033949
 243   -9.100727 -28.640427   -4.244356
 246   -6.956494 -30.178305   -7.728599
 249   -7.062777 -32.527725   -4.083786
 252   -6.283023 -50.201000   -3.460104
 255   -9.568112 -58.694901   -6.021857
 258  -16.574682 -64.224739   -5.002488
 261  -18.889734 -23.967543   -5.109183
 264  -13.465207 -19.522829   -4.723054
 267  -20.503199 -51.293083   -3.967078
 270  -14.070025 -44.172928   -3.471624
 273  -16.438515 -47.687523   -3.213903
 276  -18.943312 -35.964306   -7.310875
 279  -19.904493 -49.571014   -6.495974
 282  -10.688789 -33.357712   -7.343745
 285  -20.091314 -55.970657   -4.047077
 288  -12.807288 -38.904438   -3.529428
 291   -4.490587 -65.632462   -5.203211
 294   -9.855690 -54.263275   -6.580025
 297  -10.640581 -37.805321   -7.186895
 300   -1.115232 -49.283569   -5.542855
 303   -5.855193 -39.151245   -7.272794
 306  -10.203155 -41.996559   -7.064574
 309  -15.254775 -31.124277   -3.477568
 312   -7.575827 -21.562302   -7.093062
 315   -6.183287 -56.936707   -6.745087
 318  -16.937450 -41.084980   -3.111160
DATA_COMPLETE
