variable listc
321
variable vLength
0
   0   -5.053094 -13.805132   -1.225191
   3  -16.556896 -46.124046   -0.243739
   6  -12.325821 -67.052330   -0.538922
   9    2.474425 -68.103859   -2.582263
  12    5.443533 -46.184074   -2.043063
  15   -4.348854 -21.239738   -0.311834
  18   -6.784462 -62.791817   -0.784328
  21   -2.061249 -43.440411   -3.215016
  24  -13.662338 -28.567381   -2.293346
  27   -5.174753 -45.106556   -3.153138
  30    4.242975 -52.483242   -1.581512
  33  -10.055445 -17.518892   -0.795960
  36  -14.560677 -60.619045   -0.324893
  39   -5.977705 -65.089531   -2.415674
  42   -7.335355 -15.257009   -1.115241
  45   -4.035032 -34.889606   -3.261885
  48  -13.256585 -47.832474   -2.833352
  51  -16.798754 -40.030529   -1.431161
  54   -1.807019 -42.316483   -0.082620
  57    2.082222 -63.974449   -3.296751
  60   -8.126388 -59.831799   -0.368166
  63    4.173526 -47.409019   -1.421494
  66  -16.244778 -40.290298    0.064437
  69    4.024622 -40.939308   -0.998527
  72    2.484642 -27.955273   -2.520844
  75    5.026943 -43.597836   -1.803909
  78  -13.690083 -67.125343   -0.884546
  81  -16.908598 -44.736755   -1.385175
  84   -3.180283 -47.254620   -3.318553
  87   -4.161769 -14.839213   -1.241272
  90   -4.733397 -26.406841   -2.563127
  93  -16.638197 -48.440800   -0.687798
  96    2.660942 -31.471537   -2.689984
  99    2.391706 -59.812687   -3.373093
 102    0.762948 -20.743029   -1.601240
 105  -17.153130 -44.468578   -0.719319
 108  -15.252226 -56.326588   -1.606975
 111  -15.401236 -52.083546   -1.910665
 114  -15.862254 -31.663250   -0.200743
 117   -5.896570 -23.387699   -0.196465
 120   -4.320148 -38.511379   -0.038386
 123   -0.987150 -58.746609   -0.215580
 126    3.887215 -38.990414   -2.961782
 129   -2.235765 -65.588791   -2.952079
 132   -1.922516 -26.651615   -2.683704
 135  -11.644363 -54.872002   -3.082201
 138   -4.337376 -19.094795   -0.555033
 141  -13.053644 -37.284428   -2.978947
 144  -12.662745 -32.798218   -2.853778
 147  -11.435226 -50.618580   -3.205898
 150   -7.271524 -27.749718    0.286505
 153  -15.294416 -27.991421   -0.388578
 156   -8.068632 -56.027096   -0.190925
 159    0.136553 -49.871822    0.106815
 162   -5.747137 -61.649960   -2.494455
 165   -8.284284 -46.872833   -3.283245
 168  -15.810740 -36.209000   -0.178671
 171   -4.509163 -56.890942   -0.370691
 174   -8.089973 -40.987545    0.343116
 177    4.550982 -48.216816   -2.837218
 180   -6.931242 -49.023659   -3.083198
 183   -4.711649 -59.918751   -2.634798
 186   -8.740794 -64.156593   -2.276015
 189    4.225355 -35.636612   -2.843388
 192   -4.386338 -52.504848   -0.254635
 195    1.403141 -24.131361   -2.519926
 198   -7.694477 -30.727251    0.281107
 201  -12.734725 -61.375244   -2.166700
 204  -12.004917 -20.854500   -0.339470
 207   -4.969946 -32.888683    0.177753
 210  -14.295162 -63.915531   -0.560466
 213   -1.464162 -17.679640   -1.362562
 216    2.849432 -34.057899   -0.719552
 219    2.271234 -62.290558   -1.479338
 222    1.105490 -44.874065   -0.139896
 225   -7.994874 -60.090828   -0.414102
 228    3.808807 -56.865440   -1.853062
 231   -3.321960 -47.418137    0.059526
 234   -4.711180 -51.180862   -2.868511
 237  -13.092261 -42.679348   -2.915751
 240   -9.046740 -24.458651    0.205851
 243   -3.786030 -30.932768    0.096372
 246   -4.624649 -29.965494   -2.619292
 249   -0.098528 -37.550800   -0.197762
 252    0.511390 -54.593979   -0.011467
 255   -8.309595 -56.825169   -2.856187
 258  -11.610047 -65.318932   -1.902644
 261  -13.650829 -24.439941   -0.264542
 264   -7.684412 -20.204803   -0.167667
 267  -15.111290 -53.354862   -0.202961
 270   -6.960883 -49.121643   -0.044551
 273   -9.268326 -52.403088    0.025705
 276  -16.399717 -35.489037   -1.498580
 279  -17.015560 -48.747025   -1.136747
 282   -8.034868 -33.469597   -2.901608
 285  -14.673912 -57.097240   -0.016544
 288   -5.469238 -44.224777    0.090046
 291    0.239443 -66.891624   -3.395407
 294   -8.355488 -52.882172   -2.886549
 297   -8.790411 -37.670826   -3.288427
 300    3.646286 -52.456894   -3.112988
 303   -4.305952 -39.493702   -3.207884
 306   -8.276991 -42.047356   -3.142796
 309   -7.591648 -35.951317    0.278547
 312   -2.553997 -22.815235   -2.633130
 315   -5.023977 -55.380314   -2.866406
 318   -9.597309 -46.331627    0.502830
DATA_COMPLETE
