variable listc
3045
variable vLength
0
   0   -4.970886 -13.602793   -1.256058
   3    5.225413 -44.701553   -2.029472
   6    1.656693 -69.300171   -2.977207
   9  -13.000481 -67.643250   -0.555607
  12  -17.333925 -43.809364   -0.718840
  15   -5.735610 -21.632389   -0.214818
  18   -6.245437 -31.956154    0.221387
  21   -6.882695 -46.613361    0.213149
  24   -7.902349 -65.603981   -1.381647
  27   -5.863075 -40.113213    0.099622
  30   -5.617529 -21.504959   -2.484239
  33   -5.833564 -36.799423   -3.376080
  36   -5.512137 -49.799721   -2.910503
  39   -5.602444 -65.603981   -2.446177
  42   -4.922292 -41.642662   -3.151877
  45   -8.031551 -26.107218   -2.533639
  48   -4.577734 -32.944992   -3.000546
  51  -10.427376 -39.676094    0.649979
  54  -14.460118 -33.947403   -2.348051
  57  -10.384518 -32.992416   -3.090912
  60    5.240663 -40.543938   -2.355609
  63   -8.268066 -61.838272   -2.533216
  66  -16.003386 -44.187122   -1.769575
  69   -1.713013 -30.348022   -2.751779
  72  -12.373134 -33.433872    0.738295
  75  -10.919187 -64.992340   -0.477011
  78   -9.329193 -56.628830   -0.100621
  81   -4.753215 -58.024181   -0.493974
  84    4.298479 -31.484720   -2.326063
  87  -11.150291 -54.903030   -3.135355
  90    4.694340 -43.037544   -2.988226
  93  -14.427839 -40.573578   -2.406937
  96    1.476053 -50.776752   -0.138561
  99   -4.957438 -34.254402    0.108243
 102   -1.351511 -55.731613   -3.239110
 105  -11.275412 -52.189575    0.636809
 108   -4.649784 -21.196064   -0.295119
 111   -6.706970 -55.669918   -2.832648
 114  -11.668837 -61.223679   -2.631188
 117  -10.477184 -41.360542   -3.214971
 120   -0.616448 -38.744328   -0.183399
 123   -3.305666 -54.521019   -2.982270
 126    1.031521 -40.049156   -3.478156
 129   -1.461979 -34.167366   -3.284000
 132  -12.287512 -26.348200   -2.280322
 135    2.264389 -55.663589   -3.407409
 138   -5.586761 -23.865353   -2.547117
 141   -7.548908 -46.131538   -3.212237
 144   -6.027584 -22.337271   -2.481432
 147   -5.912523 -18.983053   -2.379271
 150    2.289814 -40.328579   -3.450369
 153  -12.172072 -53.735878   -3.030462
 156    2.364166 -38.402889   -3.355271
 159    3.621920 -41.230560   -3.092764
 162   -2.642756 -45.005711   -0.001985
 165   -4.245507 -39.332397   -0.037450
 168  -10.832772 -24.815044    0.442469
 171   -8.450161 -51.255554   -2.900107
 174  -16.060238 -34.755817   -0.248686
 177   -6.257700 -50.120636   -0.143807
 180   -5.376865 -42.822414    0.079175
 183   -3.143373 -33.076595    0.101713
 186   -0.627326 -53.132069   -0.036061
 189  -15.040502 -48.900101   -0.094511
 192   -5.076696 -29.414108   -2.530335
 195  -16.833178 -36.477070   -0.469350
 198    1.483163 -52.356609   -0.154037
 201   -3.666359 -51.821030   -2.952209
 204    0.504676 -43.096359   -0.041059
 207    3.487236 -44.342297   -0.930326
 210   -9.983616 -19.998911   -0.177337
 213   -5.974974 -44.465763    0.142226
 216  -11.868727 -50.508564    0.802599
 219   -3.272086 -46.483700   -0.001411
 222   -2.157618 -62.161758   -3.129672
 225   -4.398336 -25.122108   -2.546201
 228  -16.103483 -42.698315   -1.836063
 231    2.880733 -34.698769   -0.782707
 234   -6.958423 -37.348476   -3.234209
 237    4.456163 -45.113800   -1.486851
 240   -1.094345 -29.314072   -2.771522
 243   -6.163813 -36.861183   -3.342859
 246   -6.350896 -60.441845   -0.648123
 249    0.285920 -27.553148   -0.423281
 252   -0.423354 -58.348381   -0.183480
 255  -17.235939 -42.655418   -1.265506
 258  -11.312478 -19.421515   -1.285285
 261   -4.635426 -66.986740   -2.503684
 264    1.497297 -41.663849   -0.150680
 267   -3.010554 -37.625057   -0.097361
 270    2.822437 -56.454857   -1.237373
 273    1.920803 -66.583504   -3.291146
 276   -3.159986 -42.403305   -3.148228
 279  -11.462735 -55.647644    0.517676
 282    3.000950 -59.421341   -3.225847
 285   -9.844070 -59.576309   -0.173176
 288    3.656269 -32.295269   -1.236633
 291   -5.702931 -39.324432    0.065849
 294   -1.466655 -23.412611   -0.362224
 297  -11.981915 -32.136154   -2.898970
 300  -10.505179 -57.219604    0.130758
 303  -16.137127 -45.346893   -0.152751
 306  -10.596929 -61.433342    0.123561
 309  -14.941060 -42.098026   -2.251370
 312   -2.679470 -18.159239   -2.131772
 315    0.368969 -20.849821   -1.427702
 318    1.566962 -64.663391   -1.643811
 321   -5.248445 -59.064091   -2.636144
 324  -17.365843 -37.088192   -1.102565
 327   -2.276909 -21.671165   -2.594151
 330   -7.718355 -53.615421   -2.883709
 333    0.054588 -32.643108   -3.158141
 336    3.900205 -51.105232   -1.381798
 339  -17.447086 -38.137711   -1.165222
 342  -16.378731 -48.256939   -0.542775
 345   -8.028326 -34.323872    0.398629
 348  -16.096577 -42.137306   -0.134590
 351    5.122477 -36.464401   -2.632586
 354    3.364428 -40.793583   -0.750970
 357   -9.591991 -65.604050   -2.067819
 360  -13.618437 -53.634987    0.300328
 363  -15.142289 -52.670609   -0.187077
 366    0.920925 -33.602322   -3.251624
 369    3.050856 -33.368690   -2.937663
 372   -3.267235 -43.974033   -3.148137
 375    1.025513 -55.138439   -0.196249
 378   -0.315812 -35.163555   -0.159012
 381   -6.688968 -24.749060   -0.030272
 384   -1.088310 -60.284225   -3.255322
 387   -7.552616 -36.092850   -3.295159
 390   -2.801435 -17.580956   -1.173607
 393   -8.902491 -63.939548   -0.497470
 396    2.019951 -52.237007   -3.581909
 399    3.828388 -44.034592   -3.224205
 402    4.870561 -51.140373   -2.855296
 405   -2.208952 -47.885426    0.102059
 408  -10.263039 -27.324730    0.463270
 411  -14.567853 -29.574932   -0.057297
 414    0.480411 -24.999474   -0.721697
 417  -13.656095 -47.429981    0.485871
 420   -7.964684 -15.975865   -1.066976
 423  -11.101807 -20.082125   -0.366490
 426   -2.197445 -53.491089   -3.098614
 429   -9.098440 -30.929937    0.458604
 432   -3.649874 -67.156425   -2.572635
 435   -0.829647 -47.748787   -3.394247
 438    3.080650 -58.738636   -1.650299
 441   -4.508551 -30.575340    0.115284
 444    1.833086 -36.748390   -3.442620
 447  -13.675756 -31.724077   -2.492867
 450   -6.498525 -59.775555   -2.594523
 453    2.076019 -64.761398   -3.257997
 456   -5.171393 -15.984835   -0.872417
 459    3.622087 -47.725494   -3.163599
 462   -6.780262 -19.620537   -0.316600
 465  -13.081505 -23.344257   -0.186343
 468    1.707088 -41.808773   -3.478277
 471    3.853342 -52.832664   -1.334854
 474   -3.594965 -18.699623   -0.754875
 477   -6.692523 -62.232307   -2.430846
 480   -7.386022 -66.721420   -2.160535
 483  -12.855442 -55.514027    0.470908
 486  -17.282171 -35.787880   -0.846695
 489   -3.190661 -31.912525    0.078111
 492  -14.796464 -54.241802   -0.066882
 495  -10.427582 -31.723993   -2.831243
 498  -12.511930 -56.336361   -2.776095
 501  -15.225107 -28.767750   -0.245824
 504   -9.442195 -62.235680   -0.218863
 507   -3.356104 -51.015598   -0.100460
 510  -16.790884 -46.099087   -1.250973
 513  -15.595273 -34.247112   -1.864301
 516  -12.472405 -63.259026   -0.123638
 519   -5.316203 -21.795820   -0.207537
 522    4.217381 -48.368885   -1.392506
 525  -12.979875 -21.217926   -0.459895
 528    0.990273 -22.099112   -1.551056
 531  -11.986401 -27.837217   -2.616189
 534  -10.178623 -50.743896    0.367210
 537  -11.542027 -34.795498    0.938719
 540   -8.960567 -54.785542   -0.030743
 543    3.522631 -31.182125   -1.311920
 546    4.483744 -53.778095   -2.718718
 549   -9.541789 -66.413002   -1.283627
 552    3.346615 -27.284208   -1.589136
 555  -14.567234 -43.871674   -2.440999
 558   -2.436505 -28.014236    0.165168
 561   -8.926994 -19.602365   -2.252562
 564  -10.380775 -45.170414   -3.247370
 567  -16.579910 -44.302399   -0.415786
 570   -7.856856 -26.659067    0.372689
 573   -1.216850 -61.845757   -0.985291
 576    0.587433 -48.125381   -3.545995
 579   -3.706753 -40.983067   -3.147276
 582   -0.821247 -25.552074   -2.708927
 585    0.000237 -47.739014    0.089937
 588    2.390346 -67.302986   -3.043836
 591   -9.485577 -20.417103   -2.209683
 594   -3.685913 -38.969212   -3.245467
 597    4.246269 -55.589157   -2.911170
 600   -2.826849 -15.845999   -1.477506
 603   -8.948072 -60.729233   -2.712905
 606  -15.098048 -25.707918   -0.874842
 609   -2.064712 -32.942783   -3.138319
 612    2.275646 -53.854568   -3.567668
 615   -3.488823 -63.977684   -2.798597
 618   -8.956766 -27.027210    0.440090
 621   -5.038256 -38.624393   -3.236908
 624    0.849356 -68.974411   -3.109454
 627  -15.486444 -30.799772   -0.218019
 630    0.922840 -58.493195   -3.587113
 633  -13.029568 -39.421909   -3.024662
 636   -9.779350 -41.495499    0.605174
 639   -7.410559 -32.601486   -2.990824
 642   -2.710659 -26.017076   -2.656499
 645   -7.239139 -42.368744   -3.105137
 648   -7.715826 -56.691223   -0.269177
 651   -3.674900 -46.110481   -3.284766
 654    1.221985 -24.917583   -2.609773
 657   -0.865490 -64.988060   -3.480979
 660   -5.932804 -33.511173   -2.913903
 663  -15.126731 -47.306541    0.093946
 666  -12.370241 -20.688248   -0.990594
 669   -8.061966 -34.927586   -2.958001
 672  -11.409836 -62.972786   -0.017329
 675  -14.232826 -23.980537   -1.190380
 678   -8.801632 -43.180420    0.393193
 681    2.943060 -64.342712   -2.946380
 684    3.224121 -34.917690   -3.159015
 687  -13.506933 -63.473152   -1.662698
 690    1.009089 -30.186195   -0.541311
 693   -7.530632 -60.657257   -2.549630
 696   -1.371433 -66.845215   -3.321993
 699   -0.686092 -33.757942    0.044324
 702    0.373886 -56.834625   -0.231894
 705   -4.832479 -65.581772   -2.507335
 708    3.102686 -38.898037   -0.732679
 711   -2.257289 -43.602921   -0.041817
 714   -8.997984 -36.043186   -3.211404
 717    0.754255 -54.740208   -3.560570
 720   -3.916939 -15.775914   -1.136206
 723   -6.966690 -22.669426   -2.475989
 726  -13.243128 -25.020563   -0.065031
 729  -15.130326 -42.267120    0.147248
 732   -6.266909 -32.493195    0.208790
 735   -5.437166 -45.785633   -3.197225
 738    1.393106 -61.688141   -3.448633
 741    1.567496 -24.933638   -1.137999
 744   -3.033152 -25.718718   -0.131618
 747   -3.694307 -61.409016   -2.754294
 750  -12.128075 -65.270012   -0.446918
 753   -7.746408 -27.957010    0.329989
 756  -16.198839 -29.850491   -1.203197
 759  -10.855424 -44.977440    0.761369
 762  -12.577204 -31.517597    0.484315
 765  -15.682423 -52.413616   -0.354746
 768   -4.158743 -15.458919   -1.937429
 771   -8.543625 -50.649143    0.000745
 774   -6.729170 -20.619043   -2.419293
 777   -1.205513 -26.424627   -0.161161
 780   -0.286925 -30.622368    0.001422
 783   -6.118629 -35.678764   -3.256916
 786  -15.580317 -48.085552   -1.962865
 789  -14.579103 -32.520760   -2.158073
 792    4.256878 -46.744411   -3.023572
 795  -15.442786 -43.909447    0.034053
 798   -1.590693 -40.459095   -0.140733
 801    4.621330 -45.988255   -2.877370
 804  -15.433981 -26.418509   -0.671620
 807   -2.089863 -64.615768   -3.044550
 810  -10.463604 -59.702362   -2.946786
 813  -13.714199 -40.459053    0.581424
 816   -9.336343 -36.909042    0.489415
 819  -10.508831 -24.739220   -2.589133
 822   -9.414911 -33.467449    0.534450
 825  -11.621754 -46.884193   -3.376856
 828    4.890509 -34.460411   -2.455422
 831  -11.007439 -62.981743   -2.774055
 834   -0.711323 -46.086044   -3.408462
 837   -5.452494 -25.687857    0.024354
 840   -6.297642 -20.932055   -0.231657
 843   -8.598797 -55.340958   -2.937694
 846  -14.873245 -33.126087    0.007124
 849    2.879114 -43.084908   -3.419359
 852    1.622482 -26.415983   -2.743278
 855  -11.842190 -20.064249   -1.122317
 858  -12.722270 -27.338789    0.152018
 861   -2.134109 -18.735125   -0.935796
 864   -2.540842 -40.734138   -0.101233
 867  -11.702474 -20.857981   -0.261802
 870   -1.418367 -29.157883    0.074876
 873    4.786633 -33.112663   -2.606380
 876    1.331764 -69.381622   -3.021266
 879    2.490946 -62.472893   -3.148265
 882   -3.697359 -36.279724   -3.308899
 885   -1.158089 -49.822296   -3.178609
 888   -1.075436 -32.481339   -3.122294
 891   -8.675054 -31.347095   -2.725618
 894  -11.895569 -53.860798    0.673746
 897   -4.845123 -32.208492    0.161847
 900   -6.624296 -34.368523   -2.973190
 903  -10.300659 -19.335297   -0.393229
 906    0.439293 -40.831829   -3.405259
 909   -8.582370 -17.825529   -0.680458
 912   -1.046625 -31.361856   -2.913790
 915  -14.076294 -65.056557   -0.627014
 918    0.435757 -62.055779   -3.576252
 921   -7.553331 -27.588835   -2.434134
 924    1.462601 -61.234852   -1.173568
 927   -3.561771 -20.744255   -2.479644
 930    0.000002   0.000000    0.000000
 933  -13.977184 -50.625584   -2.528156
 936    1.505018 -22.978483   -1.402288
 939    1.326288 -29.561077   -2.871551
 942   -8.415688 -35.774963    0.354221
 945   -8.380883 -65.791595   -1.363947
 948   -5.329506 -31.665022   -2.916516
 951    0.760759 -34.800198   -0.052589
 954  -11.939873 -57.525158    0.398763
 957   -6.522962 -27.454519    0.246950
 960    4.496679 -41.729221   -2.827817
 963   -1.087566 -35.332893   -3.375659
 966   -2.003502 -52.558521   -0.165526
 969  -14.025270 -51.732967    0.273438
 972  -12.944468 -48.353771   -3.017324
 975  -16.076979 -33.212757   -0.307586
 978   -6.130409 -44.342564   -3.105295
 981    5.232890 -38.972874   -2.525051
 984   -3.700253 -24.705637   -0.243429
 987   -8.121382 -25.233364    0.222641
 990   -4.554594 -54.984768   -2.878326
 993   -1.028355 -23.895144   -2.669671
 996  -10.757401 -34.557369   -3.171172
 999    3.153147 -37.511044   -0.840990
1002  -14.856894 -36.184151    0.061283
1005    5.058750 -35.158546   -2.478969
1008   -9.546970 -39.928558   -3.221274
1011   -5.978758 -29.689823    0.163944
1014    2.659544 -44.442383   -3.499274
1017   -8.050066 -30.378075    0.316448
1020    3.398376 -38.067127   -3.056678
1023   -3.569897 -19.091284   -2.345935
1026   -8.544651 -40.131428    0.370769
1029    4.294996 -50.623249   -2.858845
1032   -5.598231 -30.851719    0.139190
1035  -10.771754 -37.988796    0.704168
1038   -9.553513 -38.384251   -3.296213
1041   -3.763908 -22.334646   -0.239220
1044   -2.706829 -35.768169   -3.321681
1047   -5.851906 -63.950123   -2.402225
1050   -7.437157 -21.302641   -0.068825
1053   -2.978095 -64.091080   -1.458431
1056  -11.395498 -66.677254   -1.164837
1059  -13.733798 -66.468231   -0.673908
1062    2.057949 -69.472183   -3.138114
1065   -8.956732 -26.580898   -2.534899
1068  -15.513170 -53.843472   -1.648234
1071    2.044209 -32.695301   -3.001943
1074   -5.080517 -29.411253    0.133432
1077   -5.524238 -20.229860   -0.342707
1080   -7.304447 -39.156540    0.205925
1083    2.254824 -35.894909   -0.513445
1086   -0.008127 -68.166702   -2.834877
1089   -2.534046 -50.470539   -2.999097
1092    0.463707 -23.252228   -2.570883
1095    1.798758 -57.142708   -0.872793
1098  -13.670120 -42.770332   -2.741387
1101  -14.906153 -30.084312   -1.880227
1104   -9.090498 -32.467831   -2.988857
1107    4.244318 -56.360973   -2.741954
1110   -3.887336 -29.864410    0.128562
1113  -12.384555 -48.286991    0.750797
1116  -14.645646 -51.688770   -2.231764
1119    2.547153 -57.462589   -3.272782
1122   -5.253504 -28.064096    0.197769
1125   -9.310666 -29.671247    0.424562
1128   -9.014476 -19.661331   -0.229044
1131  -17.156717 -41.511944   -1.168499
1134    1.113829 -37.527229   -3.488637
1137    3.255190 -45.920071   -3.404475
1140    0.050564 -28.706345   -2.877495
1143   -0.099588 -29.907001   -2.871346
1146   -1.265099 -19.728897   -1.020040
1149    3.174700 -45.273956   -0.813709
1152    4.654711 -44.467537   -1.618073
1155   -3.667696 -22.648623   -2.593097
1158  -12.556139 -21.988485   -1.284153
1161  -10.006900 -52.597382   -2.982229
1164  -10.249788 -43.438000    0.630493
1167  -15.999158 -37.361233   -1.859563
1170   -8.643419 -58.804974   -0.283262
1173   -4.901590 -14.567379   -1.095933
1176   -7.428009 -41.135208   -3.117477
1179   -0.432400 -32.929871    0.049032
1182  -12.878606 -52.101864    0.545535
1185  -13.503181 -30.567398   -2.668754
1188    0.285631 -60.392231   -3.579834
1191  -15.768606 -49.993370   -1.684209
1194  -10.362041 -55.862152   -3.050561
1197   -0.219065 -27.316601   -2.806320
1200   -3.685688 -57.089790   -2.900379
1203    1.591299 -54.864872   -3.599885
1206    2.198113 -62.887276   -1.566566
1209  -13.944882 -31.839705    0.254844
1212    0.153790 -66.076515   -3.555610
1215  -11.617615 -26.474707    0.365244
1218    0.387510 -28.878729   -0.441035
1221    2.781381 -28.441889   -1.253895
1224    3.133701 -52.787640   -3.340781
1227   -4.566191 -44.120335   -3.133938
1230   -8.098179 -41.782631    0.368949
1233  -14.308168 -34.450386    0.132908
1236   -4.424448 -13.764118   -1.224005
1239    0.179348 -49.510113    0.106730
1242   -2.582632 -61.827419   -0.725287
1245  -12.557078 -45.507988    0.789613
1248    3.372805 -33.580112   -0.941214
1251    5.176888 -48.526035   -2.622846
1254    1.098408 -34.902531   -3.487030
1257   -9.575417 -23.127296   -2.475192
1260   -3.531382 -30.165688   -2.656860
1263  -15.863065 -39.231678   -1.966666
1266  -11.688137 -27.635622    0.383311
1269  -13.440015 -25.486261   -1.690386
1272   -0.076862 -60.233566   -0.198652
1275   -9.124804 -24.983147   -2.570814
1278  -11.677730 -32.116154    0.643752
1281  -13.784564 -57.508408   -2.245916
1284  -12.563143 -36.128620    0.630614
1287   -3.950203 -58.938873   -2.740121
1290  -13.320457 -57.387489    0.276277
1293  -12.366876 -59.135834   -2.661542
1296  -11.872723 -35.285919   -3.182141
1299   -0.885619 -27.926365   -0.122967
1302    4.470276 -46.120083   -1.507519
1305   -8.419857 -29.199186    0.336091
1308   -4.191341 -62.569000   -0.800220
1311  -16.618925 -45.331665   -1.459163
1314  -17.314943 -40.330696   -1.041263
1317    4.463297 -42.789680   -1.391661
1320   -9.054347 -21.314013    0.110519
1323   -1.213969 -31.299803    0.056221
1326   -4.710022 -21.931355   -2.522487
1329   -2.210785 -57.295387   -3.068890
1332   -1.157713 -42.981712   -0.076517
1335   -4.005571 -42.481403   -0.016351
1338  -12.034781 -25.263126    0.270253
1341  -10.330717 -66.454002   -1.476289
1344   -0.718206 -42.624523   -3.302805
1347  -14.466036 -26.352222   -0.304019
1350   -5.045430 -24.782190   -0.165708
1353  -13.126612 -44.333851   -2.943491
1356    4.145010 -33.105576   -2.811164
1359   -9.109974 -62.931534   -2.453243
1362   -9.653689 -52.702099    0.091181
1365  -11.838295 -33.685223   -3.037569
1368  -13.238418 -34.991222    0.403506
1371    0.435255 -41.749973   -0.082877
1374   -3.088335 -66.299744   -2.099642
1377    1.177345 -32.254456   -3.051507
1380   -0.169882 -67.874596   -3.408523
1383    1.769768 -28.756174   -0.870688
1386  -16.217421 -35.143173   -1.548107
1389   -5.706137 -52.862717   -0.248026
1392   -7.909387 -53.511539   -0.132174
1395  -16.788382 -39.373783   -0.243460
1398   -4.162510 -28.534328   -2.592692
1401  -13.388513 -32.868427    0.415412
1404   -5.085888 -55.227242   -0.233890
1407   -7.188324 -66.680923   -2.048164
1410   -2.066280 -25.037146   -0.202422
1413   -2.257010 -41.522587   -3.213483
1416  -17.568062 -39.085457   -1.066704
1419   -9.868492 -64.204971   -2.471428
1422    2.712811 -65.909851   -3.047957
1425   -4.731104 -50.391754   -0.170153
1428   -9.312296 -53.829926   -2.967199
1431   -4.876453 -52.427734   -2.858481
1434  -14.320839 -55.927147    0.095918
1437  -13.327591 -65.058105   -1.510131
1440   -7.620868 -46.637764    0.226236
1443    5.468017 -41.934380   -2.554107
1446   -0.629448 -54.180103   -3.301876
1449  -11.199174 -42.459812    0.665245
1452    1.580784 -49.839119   -3.568585
1455  -10.328597 -25.978994    0.458808
1458   -0.718993 -24.694839   -0.318549
1461    3.788723 -60.115704   -3.020600
1464   -8.476888 -66.618408   -1.801131
1467  -15.833256 -46.436432    0.014961
1470  -15.909277 -50.718975   -0.322109
1473   -3.698168 -24.216068   -2.574718
1476  -11.859629 -25.296507   -2.299553
1479  -11.950832 -43.981911    0.765661
1482    3.901978 -30.148335   -2.398997
1485   -4.252443 -28.788767    0.160332
1488    1.844162 -48.602905   -3.569601
1491   -6.263357 -32.359859   -2.983508
1494   -7.637987 -31.629898    0.304930
1497    4.628151 -41.090591   -1.336967
1500   -9.316368 -17.671309   -1.664802
1503   -1.952690 -37.626316   -0.115327
1506   -8.216846 -48.840755   -3.249095
1509   -9.870249 -22.050585    0.159581
1512  -13.103027 -24.095207   -0.121031
1515  -13.134972 -50.106407    0.599264
1518   -6.581817 -62.800194   -0.799813
1521    0.801230 -53.235756   -0.046837
1524   -6.683804 -47.538887   -3.278652
1527   -3.086908 -33.421486   -3.079092
1530    1.362577 -45.745846   -3.546289
1533   -3.628310 -55.826275   -0.233735
1536  -14.197141 -63.719704   -0.536717
1539  -13.974252 -37.620136   -2.730567
1542    2.269039 -24.280266   -1.583883
1545    0.282145 -26.109358   -0.547697
1548  -11.635536 -29.470848   -2.667452
1551   -5.039595 -40.830845    0.070439
1554  -12.646584 -51.034946   -2.967455
1557   -7.977978 -19.152523   -2.361656
1560   -9.023567 -38.548759    0.412948
1563  -17.060301 -34.491497   -0.534848
1566    2.698301 -60.267845   -1.622816
1569  -12.013472 -41.084221    0.709974
1572    2.959192 -47.863125   -0.675353
1575   -9.324676 -34.266747   -2.974248
1578  -11.793037 -49.134243   -3.265180
1581   -7.959763 -58.879089   -2.685507
1584    1.995925 -43.364033   -0.269777
1587    4.362362 -54.434429   -2.836934
1590   -2.567188 -59.486580   -2.910391
1593   -8.737339 -61.015629   -0.392136
1596  -14.149634 -59.854877   -0.152679
1599   -8.140629 -24.208088   -2.545019
1602    5.205870 -37.574863   -2.483331
1605    3.551342 -28.780834   -2.354804
1608   -5.111511 -60.767292   -0.737223
1611    0.569128 -40.168667   -0.143520
1614   -1.000511 -48.153858    0.078917
1617    3.000771 -36.572105   -3.189529
1620   -2.623017 -42.185493   -0.066320
1623  -16.912306 -32.977371   -1.114920
1626   -4.167287 -37.542595   -0.016950
1629    2.717920 -25.298628   -2.273070
1632    2.546885 -41.722439   -3.384339
1635   -6.687831 -54.929043   -0.207674
1638   -9.341178 -48.594597    0.192553
1641   -4.839123 -19.158194   -0.493546
1644   -5.597494 -25.958580   -2.523635
1647   -1.687632 -39.115211   -0.129149
1650   -9.082842 -29.668652   -2.411307
1653   -7.308375 -28.928036    0.255675
1656  -10.290134 -30.539526   -2.592206
1659  -16.064844 -40.710991   -1.689330
1662    1.840105 -34.452358   -0.361214
1665    3.508724 -42.655579   -0.890114
1668   -4.020359 -26.437103   -2.624718
1671   -1.998980 -67.573685   -2.967113
1674   -1.718398 -34.898373   -0.108478
1677   -6.589399 -57.813087   -2.715935
1680   -7.603062 -16.810263   -0.833017
1683   -3.716406 -27.526979   -2.626819
1686    4.085480 -47.012184   -1.365156
1689    2.435448 -51.284405   -3.492706
1692   -8.571703 -40.646210   -3.162426
1695  -11.942028 -30.824623   -2.764359
1698  -13.382961 -64.176399   -0.458135
1701    0.287900 -44.128635   -0.006644
1704   -2.585294 -30.341343    0.115846
1707   -7.043056 -23.714190   -2.517092
1710   -0.449686 -40.420441   -0.148570
1713   -9.968270 -64.325699   -0.281702
1716   -0.024734 -31.076542   -2.918229
1719   -7.570921 -44.796070    0.273121
1722  -13.287542 -60.413857   -2.128426
1725   -3.840832 -35.842175    0.001730
1728    3.255773 -31.790476   -2.621911
1731   -6.521546 -23.577160   -0.161505
1734   -9.694977 -50.229496   -3.154558
1737    0.327800 -46.532421    0.028312
1740    0.352159 -38.468964   -0.176581
1743  -15.676140 -35.851093   -0.135517
1746    0.565716 -43.944115   -3.401684
1749   -0.132493 -29.568525   -0.164339
1752  -11.433689 -57.606304   -2.970179
1755   -7.890052 -57.000839   -2.796064
1758    5.355130 -46.071121   -2.597623
1761    4.251137 -37.196064   -2.897813
1764   -9.599985 -24.402201    0.318981
1767    0.123547 -38.011871   -3.433611
1770  -13.619974 -26.697947   -1.880237
1773   -4.829805 -63.370338   -2.578808
1776  -13.322622 -27.936501   -2.331758
1779    1.706623 -66.636932   -3.331224
1782   -8.103145 -23.776224   -0.012722
1785  -16.813063 -47.065502   -1.193297
1788    3.285345 -55.974720   -3.094228
1791   -2.590361 -34.653778   -3.251657
1794   -5.425529 -13.728601   -1.326985
1797    3.437277 -55.449284   -1.537127
1800  -11.542921 -22.872318    0.136480
1803   -7.900089 -44.353958   -3.123155
1806  -12.065437 -61.159348   -0.056406
1809   -8.172121 -21.827877   -2.477611
1812    2.896052 -46.266911   -0.697920
1815    1.003982 -33.337376   -0.074160
1818  -12.458057 -41.128525   -3.118045
1821  -15.203478 -55.339386   -1.682995
1824   -6.729050 -30.901686    0.214501
1827    3.181484 -39.849834   -3.217769
1830   -8.648196 -16.837431   -0.968290
1833    1.510559 -56.757206   -3.530820
1836  -15.738683 -27.483953   -0.628127
1839  -14.286844 -46.646797   -2.308864
1842  -12.274384 -67.171997   -1.034863
1845   -4.897215 -23.413797   -0.217780
1848  -14.862406 -58.475681   -1.704964
1851  -10.666178 -47.752956    0.551630
1854   -4.532324 -42.115822   -3.109141
1857  -12.675124 -42.855694    0.678228
1860   -2.619669 -26.869871    0.019856
1863  -13.206493 -26.462605   -0.000908
1866   -2.729311 -21.214113   -0.460886
1869  -13.245733 -33.184731   -2.710637
1872   -7.152524 -29.939440    0.216911
1875   -3.126480 -48.350029   -3.228362
1878   -8.387510 -37.411026   -3.273104
1881  -12.913259 -36.382915   -2.914791
1884   -1.187164 -28.074915   -2.772120
1887   -2.341982 -19.646912   -2.469510
1890  -10.968555 -33.336323    0.766503
1893   -5.701561 -40.350002   -3.147442
1896    1.350946 -60.043663   -3.614340
1899    5.340458 -46.986492   -2.645501
1902   -1.532099 -52.060108   -3.115225
1905   -2.293729 -50.089611    0.056834
1908    4.949028 -50.095531   -2.604229
1911   -0.726835 -22.351965   -2.569566
1914   -2.089206 -59.288059   -0.409863
1917    4.730383 -52.015205   -2.705833
1920   -3.982862 -44.110867   -0.006565
1923    4.176519 -39.804512   -2.900815
1926   -6.692794 -35.881710    0.187368
1929   -9.145127 -44.915112    0.463326
1932  -11.073936 -51.940166   -3.175798
1935   -4.569099 -37.041901   -3.313601
1938   -5.938238 -53.983604   -2.855205
1941  -12.235004 -39.219700    0.811129
1944   -2.166281 -45.442932   -3.310838
1947    1.697410 -44.405319   -0.255682
1950    1.884069 -44.814594   -3.501238
1953   -6.653011 -51.599773   -2.808239
1956    3.259561 -29.887798   -1.466328
1959    0.376282 -64.211693   -3.574868
1962   -7.904356 -19.356945   -0.293183
1965  -13.931231 -49.185081    0.312124
1968  -14.968363 -50.760052   -0.008742
1971   -4.749039 -19.754856   -2.411005
1974   -6.678794 -28.869482   -2.409877
1977   -2.083941 -16.976900   -1.507225
1980   -0.916082 -49.610069    0.127914
1983   -8.934364 -43.526680   -3.143564
1986   -4.232844 -53.177990   -0.262755
1989  -13.906857 -45.499474   -2.549554
1992  -13.110706 -67.596527   -0.820220
1995  -14.224848 -53.445610   -2.233913
1998  -14.250072 -57.971096    0.106253
2001  -10.889961 -39.917496   -3.356438
2004  -10.343552 -43.191776   -3.192284
2007  -11.223240 -21.825907   -0.007640
2010    4.549753 -38.587910   -2.778169
2013    1.764204 -43.017059   -3.508566
2016   -6.299416 -22.284622   -0.166278
2019  -10.283488 -20.754419   -0.089789
2022  -12.127203 -64.647690   -2.120215
2025   -5.187739 -35.828568    0.052104
2028  -11.949333 -23.656885   -2.060040
2031  -15.335277 -56.532898   -0.180297
2034   -1.793221 -32.203346    0.088215
2037  -13.641966 -55.137978   -2.396479
2040  -15.368297 -38.137650    0.072680
2043   -0.900898 -62.745358   -3.490294
2046  -10.382763 -46.301163    0.654613
2049    2.477381 -60.623806   -3.307547
2052   -4.935535 -17.578411   -2.303861
2055    1.270675 -68.597023   -2.734556
2058   -7.455297 -48.900429   -0.017467
2061    0.203848 -32.156883   -0.006388
2064   -6.421858 -15.933675   -0.792035
2067   -4.566166 -41.119305   -3.139304
2070  -13.083538 -28.985382    0.173240
2073  -13.635381 -41.998775    0.547034
2076  -13.062796 -24.166082   -1.757464
2079   -1.139494 -54.844349   -0.106918
2082   -5.697057 -21.262899   -2.451139
2085    1.602164 -36.802948   -0.270621
2088    3.965236 -57.362823   -2.705384
2091   -3.685840 -14.400769   -1.426341
2094    4.216858 -35.864151   -2.887284
2097   -7.553674 -32.893208    0.275431
2100  -13.849164 -28.349201   -0.053774
2103   -7.874068 -22.427322   -0.040259
2106  -16.460793 -37.593018   -0.268341
2109    1.349941 -68.226311   -3.256181
2112   -6.845794 -26.033873    0.243928
2115    2.883982 -30.260237   -2.624115
2118   -0.367571 -44.540737   -3.338523
2121    2.903256 -42.890518   -0.648071
2124    2.778188 -52.504124   -0.699890
2127   -1.857487 -44.112911   -3.243569
2130   -6.255260 -28.658110    0.212085
2133    1.407772 -63.674854   -3.479485
2136   -6.034504 -30.344683   -2.606816
2139   -4.066394 -26.220737    0.019754
2142    1.265249 -69.368454   -3.005911
2145   -3.444530 -40.102734   -3.171682
2148  -15.983811 -28.564957   -0.389090
2151    3.176434 -48.947876   -3.195819
2154  -15.377707 -45.543221   -1.898126
2157  -13.866691 -61.736614   -1.621215
2160  -10.717847 -29.299904    0.519281
2163   -4.599163 -65.222229   -1.728740
2166   -2.513496 -27.389378   -2.685297
2169   -5.567289 -66.831886   -2.282291
2172   -5.175039 -37.769482   -3.263985
2175  -14.833332 -49.221142   -2.338566
2178    1.084248 -53.090866   -3.570409
2181   -1.140569 -18.283073   -1.271134
2184    3.711744 -45.189114   -3.243989
2187    5.123863 -49.881821   -2.549299
2190   -0.350510 -38.863407   -3.327626
2193   -3.373293 -66.235657   -2.685979
2196  -13.137010 -47.039371   -2.887347
2199  -12.768661 -52.445885   -2.935430
2202  -12.763473 -66.412888   -1.260234
2205    0.201059 -51.319298    0.156993
2208   -0.019733 -34.590595   -3.411968
2211    3.854164 -42.685051   -3.191456
2214  -15.013287 -36.569740   -2.182228
2217   -7.044970 -39.778606   -3.132494
2220  -11.536063 -36.720924   -3.311568
2223   -2.149473 -47.482204   -3.339797
2226   -5.764030 -28.056305   -2.490895
2229    2.766011 -50.759911   -0.677359
2232   -1.671962 -30.107630    0.086810
2235   -5.737339 -49.799679   -2.871722
2238   -5.986994 -42.761292   -3.109502
2241  -12.576935 -37.964336   -3.210778
2244    3.004913 -26.112604   -1.509422
2247   -2.609348 -28.800507   -2.656494
2250   -8.311922 -22.890965   -2.489896
2253   -2.893170 -39.127769   -0.093690
2256    5.477194 -43.364494   -2.600123
2259   -9.014173 -46.692112    0.358214
2262  -11.925419 -65.836639   -1.657150
2265   -2.612040 -19.870192   -0.629570
2268  -15.166018 -31.171240   -1.859985
2271  -11.018444 -36.464832    0.864639
2274  -10.740852 -27.262093   -2.610594
2277  -14.876192 -45.048298    0.253297
2280   -0.652462 -40.763817   -3.323076
2283   -1.881897 -40.654846   -3.225451
2286   -6.306753 -18.878778   -0.495698
2289    3.997557 -52.698997   -2.938255
2292   -8.123707 -38.863628   -3.213623
2295   -3.432025 -48.421093    0.036196
2298  -17.053261 -33.545128   -0.596318
2301   -1.173386 -51.351093    0.034590
2304   -9.150208 -25.697701    0.392935
2307   -7.211717 -43.195885    0.239748
2310   -1.910213 -56.718739   -0.179859
2313  -14.087321 -46.051453    0.486554
2316   -1.697855 -37.413960   -3.376688
2319   -5.301105 -17.793766   -0.810820
2322    3.607521 -51.350025   -3.179135
2325    1.009842 -27.893440   -2.896243
2328   -1.482491 -46.482765    0.095831
2331  -12.364632 -45.838364   -3.152279
2334  -13.217268 -65.641319   -0.482236
2337   -9.068941 -45.823727   -3.229062
2340   -5.765228 -41.389748   -3.134745
2343   -4.973021 -39.720623   -3.180868
2346   -5.838760 -65.963387   -2.337873
2349   -7.644991 -21.033430   -2.438672
2352  -11.496527 -30.713184    0.524657
2355   -3.881066 -27.614435    0.182110
2358   -4.243874 -49.567760   -2.916340
2361   -4.028388 -20.344318   -0.412070
2364   -2.958254 -28.959778    0.164016
2367   -8.517086 -64.635391   -2.247210
2370    2.411650 -27.383715   -2.588984
2373   -1.270597 -67.814285   -3.082747
2376   -2.800441 -53.806828   -0.239110
2379  -12.604280 -22.025558   -0.178021
2382  -10.914004 -23.723309    0.293478
2385   -4.290107 -31.737171    0.101060
2388   -0.097372 -64.950150   -1.482198
2391   -1.449232 -26.630257   -2.707071
2394    4.116344 -35.425110   -1.223220
2397    1.733413 -38.598682   -0.317978
2400   -3.565912 -17.212698   -2.075362
2403    0.196327 -56.519775   -3.577999
2406   -6.160253 -31.622297    0.214386
2409   -6.581762 -26.751743   -2.489722
2412  -15.259317 -31.808899   -0.045951
2415  -10.265218 -31.736580    0.589232
2418    1.092827 -30.907694   -2.953933
2421    4.555847 -52.780975   -2.646564
2424   -3.051722 -23.621420   -0.260214
2427  -12.100548 -24.069305    0.152390
2430   -5.273979 -61.338062   -2.544980
2433   -7.412345 -37.392937    0.260885
2436    1.897978 -58.538509   -3.487988
2439  -13.167090 -34.819687   -2.807247
2442   -7.750713 -63.437939   -2.336182
2445    3.207842 -62.771568   -2.933320
2448   -3.264233 -34.839268    0.008232
2451    0.198128 -24.760681   -2.753081
2454  -12.732711 -59.121578    0.200485
2457    1.543624 -49.043163   -0.182584
2460    0.238013 -45.131275    0.022077
2463   -3.810683 -41.025673   -0.026357
2466   -9.215246 -56.921936   -2.935194
2469   -4.937336 -47.613712   -3.283671
2472   -9.992747 -61.711498   -2.899050
2475   -0.961444 -21.166573   -0.867853
2478    3.014387 -54.692398   -3.331750
2481   -5.525313 -63.774170   -1.004561
2484   -9.476923 -22.996201    0.303058
2487   -7.068491 -31.409531   -2.756827
2490   -5.089029 -27.126862   -2.568837
2493    0.460779 -35.955894   -3.472066
2496    0.034240 -36.669449   -0.180764
2499   -6.380165 -34.330593    0.209358
2502  -14.422871 -27.417337   -0.286582
2505    1.101257 -31.367308   -0.341669
2508    3.878490 -58.500874   -2.850930
2511   -7.551207 -18.432003   -0.538852
2514   -3.609529 -38.097694   -3.275730
2517  -10.082371 -37.107307   -3.391209
2520    1.115383 -51.072308   -3.468826
2523   -7.239519 -25.394747   -2.531633
2526   -6.733664 -64.192032   -2.368309
2529   -8.196461 -33.486851   -2.906379
2532   -4.806317 -45.504093    0.041480
2535  -13.880960 -36.885475    0.321957
2538  -10.467733 -18.682224   -0.631464
2541   -9.291811 -47.956223   -3.389769
2544    2.374374 -68.831322   -3.159548
2547    5.551345 -45.068974   -2.593468
2550    2.016727 -26.533342   -1.035988
2553  -11.912204 -42.710457   -3.239000
2556  -17.260399 -43.948666   -0.743814
2559   -7.307453 -18.179173   -2.243015
2562   -5.228752 -56.716400   -2.814426
2565   -6.572807 -38.614746   -3.203614
2568   -9.267651 -41.993168   -3.158076
2571  -14.720896 -38.735126   -2.523379
2574   -5.590818 -48.360855   -0.057036
2577  -10.290817 -35.656021   -3.198831
2580   -5.522779 -37.689785    0.059057
2583   -0.393892 -22.386595   -0.787275
2586    2.117517 -31.389811   -0.597860
2589  -11.115788 -50.215683   -3.277267
2592   -4.726416 -30.672512   -2.726580
2595   -8.089256 -28.600828   -2.365908
2598  -14.681005 -59.801533   -0.244906
2601  -14.322063 -35.545357   -2.425977
2604  -11.309708 -38.582375   -3.438654
2607   -6.015169 -24.770403   -2.559938
2610   -0.630863 -58.189075   -3.342850
2613   -1.089014 -39.156010   -3.329064
2616  -10.476166 -47.460327   -3.456422
2619   -6.066761 -57.601013   -0.417906
2622   -9.078561 -18.736685   -0.410642
2625   -7.781757 -62.084290   -0.612100
2628  -12.442726 -62.622807   -2.199475
2631  -10.337787 -26.228830   -2.641419
2634  -14.718030 -28.991072   -1.907263
2637  -12.465208 -37.676773    0.659948
2640  -14.168533 -43.462730    0.449311
2643   -9.508553 -21.761255   -2.365869
2646    1.289219 -27.347467   -0.767401
2649  -14.822417 -27.592062   -1.706788
2652    2.134659 -31.292515   -2.784980
2655  -16.450514 -30.571398   -0.566820
2658    4.008886 -34.355640   -2.897202
2661   -0.059086 -51.990520   -3.304636
2664   -6.936042 -49.464355   -2.979714
2667   -6.167352 -46.382244    0.191197
2670   -0.700366 -42.009823   -0.139667
2673  -13.916849 -38.399990    0.456703
2676   -9.305630 -27.817432   -2.443650
2679   -1.947290 -42.743187   -3.211863
2682   -9.947622 -18.099482   -0.678095
2685    2.239506 -28.788767   -2.627101
2688   -1.333702 -63.677925   -1.389703
2691  -12.175545 -29.850618    0.416995
2694  -12.041935 -46.798431    0.892361
2697  -16.705093 -32.094784   -0.400572
2700  -10.950497 -64.544060   -2.106449
2703   -1.020255 -36.752254   -0.155213
2706   -3.679012 -31.998213   -2.991518
2709    1.096674 -65.853180   -3.540195
2712  -14.183249 -25.279478   -0.310863
2715   -2.150753 -39.361912   -3.260353
2718    4.203508 -49.130569   -2.858338
2721  -13.537887 -44.384182    0.590827
2724   -7.452481 -59.556236   -0.449915
2727   -3.616724 -59.921917   -0.624941
2730  -14.188019 -47.938213   -2.424597
2733    0.403583 -23.496344   -0.750003
2736  -11.262127 -59.459476    0.169342
2739   -8.930969 -20.456064   -0.060652
2742    3.436718 -61.189613   -2.960047
2745  -15.559874 -46.849857   -1.782703
2748    2.262578 -54.191742   -0.711151
2751   -6.007171 -14.819712   -1.017046
2754  -16.244778 -40.290298    0.064437
2757  -13.295553 -60.874130   -0.210182
2760  -15.017212 -40.076393    0.347085
2763    3.400354 -57.899361   -3.015347
2766   -2.379417 -23.251886   -2.626057
2769   -8.911810 -28.126753    0.419495
2772   -3.089427 -31.067616    0.089596
2775  -10.166410 -28.451715    0.488551
2778   -0.479298 -19.320354   -1.420720
2781   -7.149006 -51.764004   -0.199018
2784  -13.415820 -49.576427   -2.841968
2787   -6.429513 -14.273913   -1.242364
2790    0.742338 -46.536354   -3.505118
2793   -6.463699 -17.465452   -0.682339
2796   -4.521776 -35.113831   -3.250213
2799    1.999739 -69.520302   -3.114215
2802   -7.714750 -64.668091   -0.892787
2805    2.277945 -47.478710   -3.496991
2808   -0.360088 -33.704582   -3.318757
2811   -3.553942 -33.682365    0.092617
2814    0.222210 -49.502655   -3.373121
2817    1.649988 -45.782093   -0.322393
2820    3.578859 -54.444294   -1.510775
2823   -7.468177 -30.104109   -2.485146
2826    3.822805 -36.648705   -1.043709
2829   -4.988055 -33.091293    0.160402
2832    4.011803 -49.848160   -1.375938
2835    3.043497 -50.323818   -3.270352
2838   -9.881491 -34.977436    0.636635
2841    2.248100 -35.444054   -3.420693
2844    3.738470 -54.200287   -3.051216
2847   -4.195770 -34.302383   -3.175084
2850  -16.828154 -31.305365   -0.561910
2853    2.187836 -30.038061   -0.921657
2856  -10.489506 -28.769836   -2.508112
2859   -2.648743 -37.762600   -3.319021
2862    0.096117 -62.756966   -1.180542
2865    0.315554 -42.346840   -3.390887
2868  -13.665302 -30.373318    0.157943
2871  -10.525319 -54.545803    0.303971
2874  -11.581497 -28.644705    0.420828
2877  -10.745216 -65.906868   -1.794540
2880    5.223648 -47.845055   -2.718744
2883    4.785976 -44.841171   -2.877563
2886   -8.759270 -32.134579    0.423032
2889   -4.870811 -23.344213   -2.565622
2892  -13.904873 -22.869141   -0.626735
2895  -15.809267 -32.571320   -1.665963
2898   -3.103453 -57.921326   -0.422359
2901   -9.157526 -58.837997   -2.864233
2904   -7.727393 -20.274734   -0.156868
2907  -11.477036 -44.358047   -3.319021
2910   -2.242951 -22.343420   -0.407124
2913   -2.468657 -31.510689   -2.896873
2916   -0.867182 -36.595467   -3.411322
2919   -2.412661 -36.190582   -0.074245
2922    2.649740 -46.407841   -3.496037
2925    1.830391 -69.447945   -3.113342
2928   -1.741066 -65.939903   -1.800842
2931  -10.874414 -21.547104   -1.897859
2934   -6.752831 -40.592781    0.205183
2937   -6.512492 -65.895241   -1.810276
2940    1.401754 -58.841187   -0.795679
2943  -10.330457 -30.360262    0.551992
2946   -1.117733 -20.679005   -2.533338
2949    2.706525 -49.094685   -0.602505
2952    1.599516 -47.277157   -0.297085
2955    4.450233 -39.276127   -1.139253
2958   -6.338184 -41.772888    0.194494
2961  -10.977668 -49.212994    0.618023
2964   -7.489446 -65.931206   -2.444071
2967   -1.057194 -45.045349    0.035072
2970    1.632935 -39.183418   -3.512121
2973   -4.629407 -47.294422    0.056117
2976   -7.200020 -15.027182   -1.170956
2979  -13.180148 -29.274181   -2.568555
2982    1.968240 -33.031879   -0.360588
2985  -14.721138 -24.815039   -0.977204
2988   -8.678461 -66.095718   -2.062006
2991   -2.320526 -24.836395   -2.634678
2994   -5.566624 -15.529473   -2.005763
2997    4.572313 -47.914612   -2.856630
3000    2.014952 -34.099411   -3.163435
3003  -16.079124 -49.096035   -0.522673
3006    4.382141 -33.548794   -1.652483
3009  -10.261555 -57.828266   -3.039286
3012    2.066751 -40.612759   -0.363717
3015   -6.666925 -16.696590   -2.037102
3018   -0.277170 -66.686111   -1.916037
3021   -5.308445 -26.899624    0.203099
3024  -13.541865 -22.225702   -1.035516
3027  -10.876675 -23.067003   -2.207185
3030   -4.062797 -17.231314   -1.025517
3033    0.427010 -26.228521   -2.792708
3036  -14.478897 -61.701180   -0.470861
3039   -1.992828 -33.520729    0.024348
3042  -13.705776 -62.484207   -0.320730
DATA_COMPLETE
