variable listc
315
variable vLength
0
   0  -11.445595 -13.789692   -5.480924
   3  -22.479530 -41.798969   -4.709197
   6  -19.084488 -65.443161   -4.327847
   9   -3.079187 -65.443161   -4.233238
  12   -0.654119 -39.858921   -4.886247
  15   -9.844893 -15.410964   -5.207157
  18   -8.532305 -54.728848   -3.750959
  21   -7.222111 -63.938290   -4.572474
  24  -15.836624 -50.707767   -3.120179
  27  -14.383509 -24.286703   -4.016253
  30  -16.281370 -21.546446   -4.557767
  33  -19.820255 -39.249569   -3.567990
  36   -6.210278 -33.580357   -4.001318
  39  -10.584589 -64.098160   -4.584961
  42   -6.965104 -23.183870   -4.527703
  45   -1.923577 -55.172569   -4.212913
  48  -15.010733 -24.416616   -7.202615
  51  -15.059482 -63.804775   -4.555485
  54  -19.017103 -35.706261   -3.552190
  57  -19.411247 -56.115807   -3.812124
  60  -19.126341 -33.231953   -3.895587
  63  -14.950433 -56.002449   -3.152537
  66  -20.855919 -40.245403   -3.875970
  69  -14.603440 -42.602478   -3.385851
  72  -15.176727 -39.429508   -7.117267
  75  -19.834106 -29.608227   -4.377469
  78  -14.071958 -30.779263   -3.710523
  81   -8.519932 -37.642742   -3.803449
  84  -12.932544 -63.727966   -4.532242
  87   -6.671745 -60.649460   -3.883817
  90   -9.378833 -44.223869   -3.638700
  93   -3.468471 -66.017044   -4.169705
  96  -10.114121 -43.845737   -3.650139
  99   -5.833366 -28.930895   -4.306787
 102  -20.435652 -38.278484   -3.835432
 105  -13.698972 -19.921862   -6.925060
 108   -6.857053 -32.033833   -4.120854
 111  -20.203768 -34.762695   -4.050104
 114   -7.162507 -46.994270   -3.493667
 117  -18.837290 -26.998697   -4.174560
 120   -3.328972 -24.446497   -4.912331
 123   -5.089767 -20.986557   -5.055077
 126   -5.630043 -30.573954   -4.211846
 129  -18.494493 -47.962021   -3.321431
 132  -11.925982 -51.694530   -3.448336
 135  -13.651011 -62.021999   -3.807022
 138  -20.989874 -43.927101   -4.150135
 141   -1.522262 -46.697437   -4.275852
 144   -6.467772 -21.948463   -4.571667
 147  -15.501877 -25.964157   -3.931099
 150  -16.129465 -58.070080   -3.237792
 153  -13.529656 -49.156498   -3.433811
 156  -18.548985 -63.499825   -4.159656
 159  -13.844290 -46.642277   -3.441745
 162   -9.730462 -19.943012   -4.760779
 165   -2.379436 -58.672852   -4.271080
 168   -8.686592 -35.963348   -3.936783
 171  -10.056305 -28.813885   -4.149236
 174  -17.777067 -24.313602   -4.638628
 177  -12.090374 -18.336948   -4.885574
 180   -3.858285 -56.316952   -3.787515
 183  -16.163864 -36.016247   -3.146080
 186   -8.731537 -35.781693   -3.947614
 189  -11.022441 -32.616333   -3.972312
 192   -1.965656 -30.803375   -4.875354
 195  -13.834146 -32.043079   -3.677613
 198   -6.961204 -41.111908   -3.663103
 201  -10.605087 -58.146080   -3.851378
 204  -12.660263 -16.638540   -5.115532
 207  -13.399954 -20.099733   -4.596688
 210   -1.508157 -51.749577   -4.452578
 213   -8.421850 -24.726778   -4.508972
 216   -7.866492 -53.050179   -3.581872
 219  -10.628073 -16.283772   -5.060694
 222  -11.032987 -23.005928   -4.477509
 225  -14.014133 -35.273022   -7.285963
 228   -1.936108 -33.438274   -4.502326
 231   -3.668172 -39.275986   -3.572681
 234  -10.453417 -44.239624   -3.629319
 237  -19.412804 -43.545486   -3.540582
 240  -17.483465 -52.283054   -3.096265
 243   -6.242249 -56.035683   -3.828547
 246  -19.808296 -32.727634   -4.220258
 249   -3.173693 -62.432423   -4.119846
 252   -2.654870 -28.727407   -4.728584
 255  -11.072065 -39.510204   -3.659003
 258   -1.018827 -36.554893   -4.796821
 261   -9.628008 -18.008049   -4.863656
 264   -5.470052 -43.469440   -3.535150
 267   -1.392912 -44.570419   -4.321308
 270  -10.487958 -62.295559   -4.161126
 273  -20.938168 -47.170494   -4.110552
 276  -19.183445 -59.440254   -3.793238
 279   -5.702705 -33.481907   -3.975805
 282  -14.744454 -19.113503   -5.011855
 285  -11.272795 -27.228733   -4.165976
 288   -7.025951 -18.038067   -5.124070
 291  -20.445602 -51.520206   -3.977157
 294   -3.374904 -51.532955   -3.752285
 297  -11.348296 -57.976849   -3.802171
 300  -14.555203 -44.084076   -3.418875
 303  -18.549530 -65.538696   -4.462499
 306  -18.209887 -29.700430   -3.752460
 309   -0.748533 -40.276264   -4.634910
 312  -15.855686 -30.723930   -3.412730
DATA_COMPLETE
