variable listc
315
variable vLength
0
   0   -5.004187 -13.691538   -1.218761
   3  -17.179590 -45.003830   -0.634651
   6  -12.708357 -67.770233   -0.535237
   9    1.265537 -68.846237   -2.967822
  12    5.488199 -43.071476   -2.008685
  15   -0.347537 -17.565823   -1.601427
  18   -3.128630 -54.301041   -3.013274
  21   -7.158239 -42.368240   -3.103822
  24    5.802099 -41.896885   -2.016792
  27  -14.410767 -53.536789    0.051913
  30  -11.688191 -61.082626   -0.001381
  33   -0.928088 -33.554794    0.056654
  36    1.032669 -20.306885   -1.768179
  39  -11.931068 -29.026598   -2.690283
  42  -15.877031 -39.310764   -1.949514
  45  -11.566246 -50.749939   -3.185075
  48  -12.803163 -28.064165    0.151456
  51  -13.329717 -63.671368   -1.784854
  54   -4.061146 -54.761658   -0.200944
  57   -5.284498 -14.406650   -1.098198
  60    3.704092 -58.976250   -2.256376
  63   -4.931826 -31.835335    0.143462
  66   -2.733917 -19.564638   -0.642897
  69    3.710796 -27.611462   -1.723244
  72    3.314610 -65.170174   -2.492376
  75    5.376166 -46.278793   -1.944065
  78   -2.824959 -45.568871   -3.283364
  81    3.963263 -61.723846   -2.379925
  84  -12.368221 -41.960613   -3.159484
  87  -13.780587 -39.593288    0.570849
  90    5.387901 -35.276039   -1.885365
  93   -0.766095 -29.593817    0.032438
  96   -3.096444 -40.324505   -0.075272
  99    2.772846 -26.114651   -1.388750
 102   -4.677699 -63.511730   -0.967297
 105   -3.786120 -18.132786   -0.925131
 108  -11.624176 -36.940109   -3.315824
 111  -12.085461 -46.342957   -3.238406
 114   -4.319154 -23.209160   -0.238608
 117   -6.803563 -21.092802   -0.187435
 120    2.174007 -21.973267   -1.948725
 123   -7.134644 -51.969448   -2.836048
 126    2.170457 -52.202099   -0.392980
 129  -11.068356 -64.630943   -0.176316
 132    1.459195 -64.344818   -1.542369
 135  -12.753774 -31.108179    0.426814
 138    3.250420 -43.933060   -0.801119
 141   -9.631405 -60.368958   -2.855646
 144   -5.798923 -45.004639    0.132455
 147  -13.245089 -47.669224    0.613380
 150   -6.883741 -47.211212   -3.282927
 153    5.458878 -46.533165   -2.076629
 156    5.202276 -52.373146   -2.153717
 159    5.891091 -37.329041   -1.981133
 162    5.078975 -50.267769   -2.058825
 165   -2.696604 -40.451271   -3.186444
 168   -2.952759 -49.894299   -2.969926
 171   -4.203798 -31.106165   -2.827783
 174   -0.961129 -51.638477    0.033242
 177   -3.098963 -14.855191   -1.551401
 180    2.052479 -59.590168   -1.013102
 183   -3.530509 -35.775246   -0.012367
 186   -1.540285 -46.405991    0.089510
 189   -2.112797 -35.286743   -3.308331
 192    0.288885 -22.923443   -0.865362
 195   -2.157955 -58.118797   -3.049261
 198  -12.978828 -56.924381    0.318646
 201    5.775781 -38.440273   -2.029043
 204    2.237065 -24.641563   -1.555523
 207  -16.347006 -44.741337   -1.614522
 210   -4.051638 -60.404232   -2.696313
 213    3.846606 -25.622221   -1.929794
 216    2.395088 -35.689327   -0.577795
 219    5.687405 -42.454697   -1.969986
 222   -6.525566 -56.821529   -2.770334
 225  -14.887339 -34.490784   -2.195035
 228    2.660192 -31.873442   -0.616830
 231   -0.873162 -25.410839   -0.228974
 234   -6.488361 -36.875359   -3.332833
 237  -12.912815 -43.009743    0.668777
 240   -3.017958 -61.177345   -0.643997
 243   -7.222939 -62.390633   -0.701684
 246  -11.052084 -23.971573    0.337348
 249   -6.997466 -16.741652   -0.784050
 252   -6.687360 -61.421497   -0.693697
 255    4.469901 -28.441208   -2.119545
 258   -1.297753 -63.605484   -1.378369
 261  -14.529815 -36.162575    0.136155
 264   -4.441358 -49.662811   -0.104072
 267    5.126187 -53.515858   -2.204500
 270    3.661566 -39.581738   -0.875467
 273    0.417809 -38.267120   -0.175436
 276   -9.678120 -20.610746   -0.018810
 279    4.912570 -30.739517   -2.039522
 282    1.529558 -47.866245   -0.255704
 285    0.609600 -43.192585   -0.023437
 288   -0.581720 -17.658398   -1.528584
 291  -15.103758 -54.114094   -1.807923
 294   -5.892389 -26.606503   -2.522102
 297  -14.578451 -59.117836   -1.755366
 300   -8.786522 -32.139339   -2.930994
 303  -15.922197 -48.933956   -1.738087
 306   -4.643494 -27.624104    0.184339
 309  -11.069035 -55.973660   -3.088941
 312    5.612552 -34.230213   -1.980424
DATA_COMPLETE
