variable listc
3033
variable vLength
0
   0   -5.022838   0.403814  -12.969084
   3  -15.056171 -30.396124  -13.157447
   6  -12.722822 -61.662739  -12.885242
   9    1.860471 -62.129379  -13.588964
  12    4.893787 -30.279448  -13.817291
  15   -5.839513  -7.179493  -12.328108
  18   -5.606191 -37.046112  -12.292853
  21   -5.722836 -60.029388  -13.173101
  24   -5.420278 -10.679487  -14.191790
  27   -6.558985 -32.846119  -15.417328
  30   -5.400837 -60.262741  -14.345631
  33    3.975351 -23.479782  -12.331095
  36   -1.933653 -30.383795  -12.160437
  39   -9.660332 -27.519075  -15.402189
  42  -14.657778 -42.101639  -13.725366
  45   -2.856842 -50.491650  -15.177121
  48   -0.068016 -23.783125  -14.530211
  51    0.845476 -49.977776  -12.445304
  54    4.007967 -29.976955  -12.568179
  57   -8.395277 -44.689667  -15.383007
  60   -8.407091 -55.060246  -15.088529
  63  -10.397537 -54.080231  -15.434768
  66    2.675899 -30.297209  -15.185289
  69   -4.677356  -0.923653  -13.617397
  72   -1.182823 -39.168949  -12.209852
  75  -12.028561 -57.160656  -15.069144
  78    2.554588 -61.697746  -14.537901
  81   -5.317837 -37.765316  -15.227593
  84  -12.954249 -27.949978  -11.661691
  87    1.905720 -23.021500  -14.585214
  90  -12.249027 -59.614754  -14.492238
  93   -5.896992 -57.436604  -12.991229
  96  -14.258740 -47.109531  -13.805841
  99    3.173847 -19.297920  -14.182034
 102  -12.092106 -56.306889  -12.544977
 105   -9.579716 -41.031658  -12.380066
 108   -8.892654 -28.815664  -12.172515
 111    3.971046 -24.785229  -12.265898
 114   -7.718162 -59.855865  -13.112515
 117   -9.446339 -23.930231  -12.254356
 120   -4.881039  -7.464540  -12.199778
 123   -6.351390 -57.145893  -14.835443
 126  -10.125447 -40.163055  -15.670031
 129   -8.747511 -40.364082  -15.596837
 132  -15.117256 -26.783566  -13.031872
 135   -5.571526  -6.931911  -14.209793
 138   -7.112190 -38.191433  -12.329510
 141   -8.227219 -27.535355  -12.305546
 144   -4.112823 -21.661888  -14.520808
 147    1.635715 -21.823065  -14.485597
 150    4.887416 -27.469213  -13.968262
 153   -1.258324  -5.338707  -12.745256
 156   -8.020645  -7.755954  -12.257438
 159   -7.233391 -58.439358  -14.468554
 162    2.035275 -58.826015  -13.200150
 165  -14.371974 -29.597227  -12.714411
 168    2.909407 -34.646351  -15.409637
 171  -12.180509 -29.882877  -12.105911
 174   -2.679111 -12.964470  -11.880587
 177   -4.781929 -44.409096  -15.310051
 180   -5.072712 -13.674038  -12.078327
 183  -12.924056 -13.249168  -12.447579
 186  -10.942620 -42.985237  -12.382975
 189  -10.195530 -18.748980  -12.343849
 192  -12.798950 -60.514339  -12.915734
 195   -3.203877 -43.387360  -15.428444
 198   -2.953934 -43.829628  -13.223976
 201    2.972610 -14.683323  -13.762613
 204   -2.217653 -59.918556  -13.236500
 207    0.905363 -34.439362  -12.036043
 210    4.028413 -39.411972  -13.397142
 213  -10.285332 -19.787573  -12.324906
 216    1.959333 -44.434200  -12.998078
 219   -6.234056 -20.177835  -12.739651
 222  -11.278822 -15.702021  -14.472012
 225   -8.422848 -58.454201  -14.577607
 228    3.304926 -50.573887  -13.215990
 231   -8.685218 -18.486290  -12.382952
 234   -8.694614  -8.865366  -12.183964
 237   -9.926857 -37.484367  -15.545967
 240  -11.134063 -25.741259  -15.402602
 243  -10.641273  -6.444256  -12.712073
 246   -7.209160 -11.022887  -12.028215
 249   -1.144176 -12.586390  -11.770765
 252  -12.232319 -23.537075  -12.040327
 255   -9.890713 -17.376148  -14.380676
 258    4.938432 -25.603611  -13.888842
 261   -6.687235 -38.893242  -12.349615
 264   -1.759923 -49.137096  -15.293620
 267    1.288141 -22.413403  -11.856049
 270   -2.716921 -51.159443  -12.713783
 273   -9.851641 -20.428226  -14.725121
 276   -0.804096 -15.616574  -11.913877
 279  -14.019340 -20.202057  -14.638670
 282   -9.515629 -21.800907  -14.793119
 285   -2.202354 -20.233643  -12.490732
 288   -7.186058 -28.669916  -12.170546
 291   -9.540806  -8.134476  -14.085706
 294   -1.267275 -30.493269  -15.125538
 297  -13.513270 -23.056774  -15.216229
 300  -10.511085 -39.833328  -12.309240
 303  -12.444687 -13.786045  -14.382967
 306    1.616634 -41.905796  -15.576188
 309   -9.338215 -54.916996  -12.589073
 312   -1.560055 -60.465397  -14.880172
 315  -10.188567 -42.760166  -12.421976
 318   -3.106903 -53.103748  -12.622634
 321  -13.177942 -29.013367  -15.829416
 324   -2.986979 -28.911291  -12.013221
 327   -7.965629  -3.923415  -12.786282
 330  -10.525794 -52.252201  -12.758821
 333   -3.965199 -51.643280  -12.764274
 336   -9.887088 -45.868477  -12.934509
 339   -3.142321 -16.069754  -11.985630
 342   -2.477844 -39.590576  -15.406137
 345   -9.388645 -37.937378  -12.311874
 348   -2.565520 -29.229219  -15.129627
 351   -9.188501 -34.539993  -12.475172
 354   -9.508400 -55.876549  -15.170275
 357   -3.985242 -48.761124  -15.185027
 360  -10.292756 -31.340616  -12.115953
 363   -8.008231 -35.263672  -12.393754
 366   -5.918247 -10.533649  -14.243162
 369   -6.917271 -44.127827  -13.013635
 372   -9.416771 -38.531422  -12.312036
 375   -9.647598 -21.831627  -12.515999
 378   -2.014563 -54.377632  -12.716235
 381   -9.526009 -31.268137  -15.686712
 384   -5.314198 -43.114445  -12.914003
 387  -13.843534 -43.095478  -12.800820
 390   -0.575109 -42.977570  -15.561256
 393   -1.393047  -3.185301  -13.300852
 396   -4.964828 -40.471367  -15.532282
 399  -14.095636 -48.324429  -13.490417
 402  -14.668001 -24.784414  -12.670440
 405   -0.492643 -51.146091  -12.541511
 408   -1.839994 -22.622818  -12.271575
 411  -13.482445 -17.318260  -14.455101
 414    2.805908 -22.447701  -11.790731
 417    2.306044  -9.695910  -13.345245
 420   -3.047845 -55.524113  -15.138441
 423   -3.659966 -41.479603  -15.546805
 426  -10.296181 -25.402210  -12.030211
 429   -1.117039 -21.155941  -12.272903
 432   -9.497890 -50.353695  -12.948552
 435  -10.230976  -9.709679  -14.258428
 438   -3.467438 -30.812136  -12.267735
 441   -5.483848 -20.544371  -14.467636
 444   -6.203053 -60.773426  -14.306904
 447  -13.899970 -49.024475  -15.028378
 450  -13.617873 -24.084543  -12.094791
 453   -9.428471 -32.770611  -15.608860
 456    3.205919 -39.024967  -15.498446
 459    4.510861 -34.963375  -14.410686
 462   -2.738205 -40.351269  -12.393371
 465   -1.367462 -26.105383  -14.898211
 468  -14.243802 -29.936277  -15.415244
 471    4.444405 -28.896252  -14.124172
 474   -2.863413 -34.372871  -12.306190
 477   -0.065872 -13.967017  -11.876682
 480    1.417908 -29.490677  -11.846415
 483    1.593163  -8.762995  -12.743048
 486   -8.496381 -25.894510  -14.997766
 489    3.105282 -38.653038  -12.383211
 492   -4.221611 -27.027252  -12.268434
 495    2.838928 -15.601421  -12.126790
 498  -14.139386 -38.528790  -12.747815
 501   -0.525112 -18.633986  -14.158254
 504    1.014702  -8.355328  -13.732610
 507   -3.758083 -16.226936  -14.291024
 510   -7.147115 -48.135319  -15.212493
 513  -13.616132 -37.560661  -15.462790
 516   -0.668159 -44.008560  -13.180753
 519   -2.375008 -10.407805  -11.894481
 522   -4.675724 -38.390842  -12.328015
 525  -13.235568 -33.800030  -12.232897
 528    2.712048 -56.110497  -13.623571
 531   -3.841431  -9.649086  -11.883083
 534  -12.663973 -43.419842  -15.820599
 537   -6.068010 -17.996811  -14.465328
 540  -12.732109 -59.973953  -14.044057
 543   -3.233330 -25.266188  -12.294661
 546   -1.269268 -34.295639  -15.321035
 549   -9.754910 -53.209427  -15.360930
 552  -13.786242 -52.735165  -14.720239
 555   -5.723778 -38.569515  -12.353292
 558   -2.118227 -24.536356  -12.215825
 561    0.691084 -44.412601  -13.092570
 564  -12.754266 -54.680981  -12.911827
 567   -8.803182 -50.672119  -12.846490
 570   -9.116844 -51.176731  -15.339314
 573    1.995304 -60.451149  -13.259017
 576  -12.648468 -45.348328  -12.511288
 579   -7.527895 -42.738201  -12.569408
 582   -6.919194 -33.416325  -15.431310
 585   -1.402088 -56.233498  -12.888790
 588   -8.372239 -24.692608  -12.340261
 591   -7.824475 -37.891891  -12.326360
 594  -10.860088 -31.349548  -16.071516
 597  -12.257724 -10.025370  -12.664861
 600    3.382225 -52.921486  -13.643429
 603   -5.137928  -4.130229  -12.868193
 606   -7.929569 -32.077679  -12.331877
 609   -0.065088 -17.409090  -11.977438
 612   -9.808859 -12.939922  -14.527475
 615    4.050531 -42.726570  -14.323324
 618   -9.195712 -57.505707  -12.908228
 621   -4.717056 -39.333271  -12.357689
 624   -1.725052  -8.509853  -14.053484
 627  -13.524750 -58.049320  -13.917706
 630    0.413649 -39.193501  -12.052099
 633   -7.249151 -25.845751  -14.873304
 636   -8.166054 -20.771696  -14.626888
 639  -14.437027 -28.440496  -15.047939
 642   -3.159367 -58.607727  -14.931828
 645    4.879629 -24.781244  -13.815417
 648   -9.241959 -42.472218  -12.441835
 651   -1.360680 -33.992062  -12.230454
 654   -5.689405 -52.093708  -12.810724
 657   -1.875522  -3.645427  -13.503606
 660    3.638198 -28.979933  -14.922911
 663    0.861683 -27.361435  -11.726619
 666  -14.353544 -48.584057  -13.843919
 669   -3.180573 -48.925472  -12.860526
 672   -9.014013 -45.361618  -12.985995
 675   -9.721924 -43.535389  -15.439316
 678   -1.181399 -36.015041  -15.406078
 681   -2.442890 -41.935310  -12.692927
 684  -10.944105 -34.887421  -12.538876
 687    0.536873 -19.466299  -12.064176
 690  -11.465851 -29.199919  -15.901899
 693   -7.558465 -39.437157  -15.502886
 696   -9.660359 -48.189049  -15.325564
 699  -13.491628 -38.550137  -15.484701
 702   -7.267403 -52.383156  -12.788786
 705  -10.403217  -7.982799  -14.003504
 708   -3.888767  -9.808601  -14.126875
 711    3.784553 -31.015715  -15.000366
 714  -12.809871 -61.750488  -13.082546
 717   -0.806383 -57.497585  -12.999150
 720   -9.070934 -49.466267  -15.295280
 723   -9.973999 -26.908737  -12.103234
 726    0.934801 -46.245140  -12.934817
 729   -3.107353 -60.672615  -13.309219
 732    4.065434 -37.567982  -13.190932
 735   -4.743019 -57.832104  -13.051682
 738    3.147139 -48.501198  -13.062679
 741   -6.789646 -50.637882  -12.953995
 744   -9.157817 -46.591808  -13.238348
 747    0.400593 -16.001841  -14.067575
 750  -13.507763 -58.120838  -13.365106
 753  -13.306022 -60.705013  -13.268096
 756   -1.082164 -52.144402  -15.344703
 759   -7.171719 -30.803112  -12.166427
 762   -1.792065  -8.769714  -12.127387
 765    0.497747 -29.690445  -15.100612
 768  -10.228612 -56.262089  -12.651988
 771   -8.392617 -59.597786  -13.052903
 774  -14.512631 -26.603033  -14.707157
 777   -9.887520  -5.278858  -12.817573
 780   -5.269751 -34.861496  -12.360796
 783    4.304600 -41.511337  -13.950817
 786  -11.549722 -60.491188  -12.887736
 789    3.249155 -46.692242  -13.234233
 792  -12.607428 -57.437843  -12.664096
 795   -7.551483  -1.986374  -13.659499
 798   -3.103193 -35.867046  -12.238434
 801    2.058475 -45.214241  -15.842583
 804   -8.457083 -39.589481  -12.334822
 807   -9.195498 -19.745810  -12.396890
 810   -5.485830 -44.164406  -13.181110
 813  -12.386038 -53.382114  -12.826455
 816   -4.410105 -50.249695  -15.154757
 819  -11.135628 -50.563980  -15.567310
 822   -6.246691 -25.963043  -12.436340
 825   -9.058973 -59.859882  -13.046934
 828   -2.348984 -51.022308  -15.201352
 831  -14.394321 -18.568180  -12.443146
 834   -8.316599 -51.949585  -15.286933
 837   -1.607361 -52.244820  -12.587800
 840   -5.314774  -2.536556  -12.989438
 843   -6.078958 -55.374485  -14.932832
 846   -9.257915  -6.681986  -12.434884
 849   -4.903587 -16.994823  -12.284568
 852    2.640924 -42.759888  -12.572590
 855   -1.658264 -11.108852  -14.219329
 858   -5.050210 -57.005390  -14.871797
 861   -2.470994 -55.685982  -15.186718
 864   -8.995271 -26.796801  -12.273685
 867    3.437611 -43.957844  -12.962986
 870   -0.702259 -25.782867  -11.965936
 873    1.326748 -27.887220  -15.007011
 876   -2.231256 -26.899305  -12.108673
 879  -13.604765 -44.758804  -12.949848
 882   -9.147926 -23.677967  -14.919519
 885   -0.975239 -19.832094  -14.268993
 888    1.310383 -42.871330  -12.820005
 891  -13.205914 -49.486645  -12.937662
 894   -8.419012 -10.281886  -12.072838
 897  -10.607176 -58.102272  -12.814994
 900  -10.752620 -22.062065  -12.423332
 903   -7.760987 -42.739452  -15.336769
 906   -7.231672 -53.519993  -12.652274
 909  -10.480080  -9.147873  -12.362412
 912  -14.988986 -22.688932  -14.147165
 915   -2.707294 -15.450644  -14.152907
 918   -8.780032  -3.672275  -13.531296
 921   -7.572880  -3.373867  -13.806158
 924  -11.208111 -53.898800  -12.614808
 927   -8.324619  -9.840656  -14.291081
 930   -9.238708 -11.594868  -14.522759
 933    4.814667 -27.703840  -13.357790
 936  -13.695669 -40.646423  -15.507602
 939    0.763664 -15.414770  -11.886154
 942  -12.773685 -44.014297  -12.414157
 945  -11.564713 -49.006828  -15.565700
 948   -2.990364  -8.024937  -14.157943
 951    0.159647 -34.043377  -12.093515
 954   -8.102989 -53.050766  -15.215559
 957    0.901005 -17.898844  -14.070807
 960   -6.632360 -36.443619  -12.294466
 963   -5.564724  -5.272495  -14.043972
 966   -3.628634 -57.347618  -14.958851
 969    0.482336 -58.829826  -12.929808
 972   -5.948416 -29.925171  -15.207788
 975   -0.467388 -44.866364  -15.502716
 978  -13.838679 -28.847076  -12.154531
 981   -8.296621 -42.167458  -15.380809
 984    3.375572 -36.817604  -12.321054
 987   -5.129894 -47.485306  -13.235037
 990   -0.506428  -7.073185  -12.510340
 993    3.029375 -43.530758  -15.508654
 996    4.174240 -18.621838  -13.903418
 999   -0.778873 -47.096680  -12.924101
1002    4.410445 -37.046494  -14.136976
1005  -10.668571 -26.433439  -15.422029
1008    1.651573 -16.898167  -14.011083
1011    2.329118 -12.466991  -13.801857
1014   -2.958977  -2.040415  -12.911975
1017  -12.703945 -11.357257  -12.518532
1020   -6.439868 -15.656751  -12.175321
1023    4.033687 -17.770527  -13.662956
1026    0.870993 -30.668621  -15.121305
1029  -10.900909 -28.109308  -15.732217
1032    2.299276 -47.434315  -12.693659
1035  -10.872334 -32.947777  -12.289084
1038   -6.971388 -37.230621  -12.299423
1041   -8.375428 -38.752705  -12.335873
1044    2.280656 -40.409416  -15.608690
1047  -11.559860 -19.461277  -14.848768
1050  -14.949301 -38.124393  -13.411643
1053    2.810726 -45.357243  -13.004260
1056    4.019760 -35.243809  -12.660109
1059  -10.148522 -37.200840  -12.311140
1062   -3.189667 -22.455774  -14.488615
1065    1.107715 -42.836311  -15.591892
1068    1.544407 -26.204107  -14.840600
1071   -4.290569 -11.651505  -14.277078
1074    4.330410 -40.049797  -13.964542
1077    4.778329 -22.143045  -13.768559
1080  -10.392685 -13.341187  -12.222262
1083   -8.784159 -35.530090  -12.398292
1086   -7.443330 -17.822248  -12.286186
1089   -3.258491  -4.867604  -12.635193
1092    4.834083 -31.972782  -13.994742
1095   -7.684351 -56.050888  -14.956713
1098  -14.720257 -24.690771  -14.585564
1101  -11.418880 -21.358650  -14.991818
1104   -0.364326 -21.074818  -14.429223
1107  -13.954384 -27.013355  -15.219061
1110  -10.019626 -41.447453  -12.380254
1113  -10.097673 -44.604420  -12.571372
1116    1.674393 -55.427662  -12.809587
1119   -0.023933  -9.310152  -12.293673
1122  -13.890001 -25.336441  -15.136182
1125   -8.417132 -53.900536  -12.640579
1128   -4.629450 -35.539036  -12.313047
1131   -3.426234 -39.340889  -15.379175
1134   -0.688538 -10.743629  -12.050174
1137   -4.241585 -41.697678  -12.580599
1140    0.296797 -32.559719  -15.217875
1143    2.410877 -15.680111  -13.994933
1146   -9.775023 -15.324850  -14.377617
1149   -7.462646 -35.379620  -15.505280
1152   -6.173782 -35.626686  -12.329373
1155  -12.163396 -15.560822  -12.219151
1158    2.900314 -22.787399  -14.657188
1161   -1.864784  -4.194969  -12.816806
1164  -14.076772 -50.757858  -13.490531
1167    0.731880 -53.302734  -15.669741
1170  -11.906857 -46.114861  -15.641248
1173   -4.060417 -37.115429  -15.340598
1176   -1.667932 -14.708516  -12.011898
1179   -9.637645 -36.257877  -12.367924
1182    3.765654 -25.062056  -14.616371
1185    0.944309 -11.661730  -13.975471
1188  -11.086262 -44.320011  -15.564625
1191   -7.232880  -2.772056  -12.950001
1194   -6.911671  -5.940166  -14.134982
1197    2.425430 -10.743732  -13.470387
1200   -7.863541  -2.364864  -12.945238
1203    0.639004 -12.399884  -12.011674
1206  -14.552494 -34.682018  -14.594504
1209    0.562246 -48.041874  -12.639586
1212   -0.600552 -32.515823  -12.181857
1215   -1.777153  -6.655111  -12.465679
1218   -3.129597 -54.379772  -12.730791
1221   -0.794767 -28.925850  -11.891897
1224    1.002663  -7.159719  -13.019217
1227   -9.310854 -30.557016  -12.090179
1230  -11.395753 -55.288441  -12.482008
1233  -11.245550 -39.498520  -12.280043
1236   -8.894615 -18.945055  -14.654612
1239   -3.079128 -23.628511  -12.354478
1242   -7.849151 -54.948643  -12.658241
1245   -8.549723 -38.322704  -15.425274
1248    4.637628 -31.543102  -13.169277
1251   -1.364389 -38.335060  -15.347746
1254  -14.196720 -36.214336  -15.248840
1257   -4.899458 -19.383125  -12.623232
1260  -10.361534 -29.964787  -15.946269
1263    2.103953 -31.483208  -15.171627
1266  -13.085870 -51.150009  -13.071026
1269    1.318255 -36.129505  -15.461114
1272  -12.615326 -12.168066  -12.455889
1275   -3.032917 -38.854248  -12.282459
1278   -3.287038 -13.704958  -14.047204
1281   -2.832485 -18.926188  -14.259063
1284  -14.575002 -38.348316  -14.423744
1287   -4.658237 -34.409264  -15.349798
1290   -8.886571 -45.720249  -15.426991
1293   -1.935207 -43.892582  -13.220348
1296   -1.592117 -50.037346  -12.681548
1299   -0.011662 -25.814487  -14.873297
1302  -14.668449 -41.479977  -13.699742
1305   -3.474527 -19.380798  -12.531541
1308   -7.076141  -5.352814  -12.624101
1311   -7.363810 -23.866381  -12.444376
1314   -2.804365 -56.985794  -12.993137
1317    0.451395 -22.006256  -12.052033
1320   -3.289043  -3.830173  -13.824039
1323  -15.091062 -35.056614  -13.281318
1326  -10.825821 -34.732914  -15.730632
1329    3.560131 -16.036917  -13.817123
1332  -14.387160 -33.888321  -12.769642
1335    1.441107 -53.814461  -12.414892
1338   -6.682710 -46.097183  -15.338389
1341  -10.468338 -48.988922  -15.406746
1344   -3.877441 -20.219299  -14.381318
1347   -4.144331 -31.506752  -15.264887
1350    3.265093 -24.003960  -14.650114
1353   -2.707308 -33.089127  -15.265186
1356   -9.391893 -39.604218  -12.312889
1359   -3.932451 -17.401283  -12.265810
1362   -7.515963 -36.499596  -12.300080
1365   -5.269192 -28.287592  -15.029137
1368   -6.491686 -32.504395  -12.392178
1371   -7.895255 -59.880768  -14.473859
1374  -11.693474 -18.457022  -12.190083
1377   -4.650015 -29.046801  -12.071295
1380    4.164489 -38.063793  -14.632040
1383    4.175489 -33.038605  -12.723065
1386    0.007835 -49.173313  -15.440254
1389   -6.843994 -56.412792  -12.886893
1392  -10.360695 -41.741585  -15.634149
1395   -1.204792 -42.486179  -12.895663
1398  -12.679708 -36.479149  -15.956955
1401  -14.640856 -28.041029  -12.621568
1404  -13.629990 -54.496059  -13.433735
1407  -12.707485 -59.483208  -12.865582
1410  -15.221965 -33.334690  -13.859687
1413    0.610792 -51.645580  -12.401684
1416  -11.991590 -33.806309  -15.916546
1419  -10.451216 -28.757813  -12.147529
1422  -14.423786 -46.531071  -13.771717
1425    2.797327 -54.628777  -13.338056
1428   -4.514984  -1.878317  -12.922886
1431  -15.215471 -29.723921  -14.578370
1434  -11.271584 -17.782675  -14.476126
1437  -12.634661 -35.254692  -12.461710
1440  -10.629354 -36.356709  -12.402864
1443  -12.191735 -27.786999  -11.733482
1446   -1.042422 -49.989616  -15.324541
1449   -8.170883 -18.477779  -14.646504
1452  -13.150115 -56.072407  -13.133698
1455    2.051075 -20.407784  -14.340216
1458   -2.669342  -1.483692  -13.294000
1461   -5.906069 -37.170303  -12.299185
1464   -8.728138 -22.434559  -12.469700
1467  -11.468288 -10.966984  -14.359015
1470  -12.651210 -15.533093  -14.413646
1473  -15.140745 -24.353825  -13.083612
1476  -12.203738 -47.164200  -12.674820
1479  -11.767817 -60.127457  -12.844960
1482    1.180153 -24.325890  -11.706260
1485   -9.533951 -54.328350  -15.273801
1488   -9.043343  -4.524683  -12.703198
1491   -3.587452 -47.349865  -13.136030
1494   -5.865993 -15.194984  -14.187663
1497  -11.769714 -35.332951  -15.905903
1500   -7.507281 -37.272858  -15.315901
1503   -4.610314 -55.021961  -15.039393
1506  -14.333168 -42.992535  -13.246916
1509  -11.236586 -47.595539  -15.522867
1512  -12.810655 -32.608273  -12.132278
1515   -6.429571 -22.368202  -14.605167
1518  -12.376613 -31.811354  -12.179217
1521    0.741436 -19.693405  -14.222469
1524   -6.245616  -6.658699  -12.469463
1527   -2.567810  -5.309608  -13.922239
1530    3.086876 -33.188969  -11.987285
1533  -10.936996 -14.196239  -14.482319
1536  -13.345082 -47.809010  -12.978388
1539    3.901372 -23.736271  -14.500957
1542    4.353630 -26.873175  -12.739148
1545    2.665684 -34.409355  -11.837708
1548  -14.676794 -21.064894  -12.657932
1551   -2.734810 -10.233940  -14.180030
1554  -12.842598 -58.486794  -12.795069
1557   -5.906849 -12.112713  -14.312547
1560  -11.133297 -44.079205  -12.420742
1563   -5.997995 -42.555382  -12.683530
1566    0.384693 -55.312199  -15.572351
1569  -10.162018 -34.012371  -15.666342
1572    0.111855 -14.183192  -13.886832
1575   -6.754238 -48.005413  -13.222117
1578   -5.666363 -28.120518  -12.216192
1581  -13.664063 -55.521870  -13.597745
1584    3.820592 -46.427841  -14.458454
1587   -0.089348 -37.350792  -11.991814
1590    0.896065 -15.732800  -14.046528
1593  -12.294498 -38.247227  -15.821489
1596    0.154564 -35.640766  -12.061554
1599  -12.097309 -22.403128  -15.139893
1602  -10.468394 -11.233223  -14.510818
1605    1.191650 -58.437450  -15.295061
1608    2.566095 -18.758385  -11.910923
1611    1.526613 -16.559656  -11.958804
1614   -7.688294 -15.108343  -14.280193
1617   -0.393583 -30.414093  -12.055294
1620   -4.734573 -27.394604  -14.895716
1623   -1.777816 -43.375042  -15.529805
1626  -11.512280 -51.917561  -12.908117
1629  -11.954784 -23.640009  -15.262298
1632    4.423355 -21.037968  -12.613396
1635   -5.929781 -41.405876  -15.461285
1638   -1.325390 -58.830994  -13.116123
1641  -14.146980 -44.194336  -13.407904
1644   -5.618289 -32.846794  -15.354985
1647  -11.079606 -36.891296  -12.338486
1650   -5.386909 -59.258850  -13.148725
1653    3.029821 -13.477809  -13.622337
1656  -14.501164 -37.059959  -12.923331
1659    3.972670 -44.826504  -14.282644
1662  -14.124345 -51.038776  -14.000515
1665  -11.907961 -52.566402  -15.649064
1668   -4.504837  -2.315014  -13.801418
1671   -6.080872  -1.696976  -13.013440
1674   -3.991370 -59.965519  -14.472181
1677  -15.103792 -27.603437  -14.272346
1680   -3.239116  -0.662900  -13.136025
1683    3.313654 -40.865124  -12.555425
1686   -1.864908 -32.379620  -12.267648
1689   -8.389224 -48.164841  -13.329781
1692   -2.637852 -35.299526  -15.342276
1695  -13.534687 -18.679705  -14.641580
1698   -1.962406 -16.746483  -14.167338
1701   -3.324190 -37.558552  -12.260750
1704  -12.432608 -39.992863  -15.867146
1707   -2.249161 -20.433632  -14.362852
1710  -10.636760 -59.996700  -12.945410
1713  -12.697091 -54.186264  -15.333648
1716   -2.504795  -1.620872  -13.110518
1719   -1.545013 -45.933884  -13.231153
1722   -9.041636 -30.356737  -15.544218
1725  -12.212243 -31.028021  -15.974052
1728    3.293987 -20.771593  -14.470026
1731   -6.560422 -35.963890  -15.469076
1734   -1.508568 -25.836786  -12.088028
1737  -14.056919 -31.047453  -12.397075
1740  -12.895462 -25.697519  -15.485533
1743  -12.155501 -41.458313  -15.877755
1746   -8.662125 -36.682049  -15.449762
1749   -4.915854 -35.988083  -15.425975
1752   -7.244696 -54.541008  -15.033794
1755  -11.699966 -12.922156  -12.301816
1758    0.481503 -23.710358  -11.901421
1761  -14.182261 -39.127178  -14.874260
1764  -13.277827 -41.977238  -15.795876
1767    1.523594 -11.792269  -12.355335
1770   -4.195305 -21.322029  -12.554995
1773   -3.932094 -56.293995  -12.895014
1776  -13.682423 -56.698742  -13.740690
1779   -8.433275 -13.201609  -14.410291
1782  -12.098884 -43.425694  -12.337472
1785    3.126162 -28.344944  -11.973529
1788  -12.313115 -61.012905  -12.833065
1791   -2.345550 -37.641865  -15.353075
1794   -0.131260 -27.617052  -15.000082
1797   -6.470016  -2.833759  -14.057587
1800    1.049793 -24.422457  -14.608878
1803  -11.285686 -24.047024  -11.993083
1806  -13.637951 -21.663401  -14.977934
1809    0.557846 -38.566074  -15.460236
1812   -3.867966  -0.289658  -13.226154
1815   -3.930698   0.065830  -13.054828
1818   -8.863944 -31.583447  -15.497370
1821    4.424403 -33.586510  -14.479345
1824   -4.697692 -25.249609  -14.809467
1827   -6.812951 -18.830229  -14.497595
1830   -5.833477 -46.184326  -15.324131
1833    0.738222 -31.545216  -12.044908
1836   -6.165642  -1.003170  -13.718986
1839    1.477250 -33.414520  -15.266263
1842  -11.076888 -25.584974  -11.814584
1845    2.059435 -27.866001  -11.643203
1848    2.340087 -52.768150  -15.416376
1851  -13.462368 -14.936862  -12.413923
1854  -14.328586 -16.924210  -12.424404
1857  -10.203004 -53.680176  -12.619081
1860   -1.095277 -55.799675  -15.338142
1863  -15.021547 -30.757763  -13.191662
1866   -5.927984 -18.473583  -12.352665
1869    3.819480 -21.937408  -14.500544
1872   -7.420171 -40.878830  -15.500289
1875  -11.106873 -58.179836  -14.915545
1878   -5.998821  -8.374800  -12.054589
1881   -7.092171 -60.105614  -13.148910
1884   -0.463845 -47.265530  -15.457295
1887   -1.371077 -16.649494  -11.910089
1890   -3.312914 -32.242287  -12.328373
1893  -11.463473 -29.168550  -12.097727
1896   -0.454676 -48.106045  -12.721613
1899    3.471385 -26.340546  -14.736963
1902   -6.067621 -43.350155  -15.295424
1905   -6.629950 -58.550114  -13.060266
1908  -13.560572 -35.649662  -12.382276
1911   -7.869144 -11.783195  -14.460100
1914   -7.710527 -44.168964  -12.889620
1917    3.731035 -48.218674  -14.420691
1920   -4.652651  -9.865418  -11.890744
1923   -1.290321 -58.095543  -15.297722
1926   -3.709888  -3.324516  -12.895370
1929    0.589510 -51.624344  -15.596357
1932   -0.268280 -58.754456  -15.320346
1935   -5.639312 -23.577576  -12.482032
1938   -5.121025  -0.221985  -13.558645
1941  -11.105419 -37.486126  -15.685879
1944    1.182857 -40.268208  -15.499947
1947  -11.136472 -47.271328  -12.972123
1950  -13.130821 -56.129173  -14.919700
1953   -7.805679 -46.157623  -15.360139
1956   -6.005463  -0.213091  -13.110623
1959   -3.474293 -17.849323  -14.270445
1962    2.143282 -57.364429  -13.217018
1965  -10.871735 -11.335851  -12.341928
1968   -6.614357 -32.380184  -15.433549
1971   -6.878263 -51.920944  -15.215672
1974  -10.619955 -41.293083  -15.696495
1977  -15.080988 -23.377762  -12.797306
1980  -13.184307 -25.770828  -11.724110
1983  -13.395972 -30.606573  -12.140286
1986   -4.700933 -37.061554  -12.281470
1989  -11.848812 -42.990875  -15.711042
1992   -1.275801 -40.824848  -12.373306
1995    2.767521 -17.487656  -12.031746
1998   -0.823486  -6.449916  -13.953387
2001   -5.230134 -48.224022  -15.189837
2004    1.917442 -59.722134  -14.893039
2007   -8.094961 -24.720720  -14.921436
2010    1.843994 -55.176453  -15.519668
2013    4.900582 -30.132429  -13.968661
2016   -2.306950 -24.190254  -14.628262
2019   -7.631428 -49.312439  -12.977576
2022   -3.323631  -6.629536  -14.121217
2025  -10.753178 -51.628281  -15.524326
2028    0.509315 -42.501217  -12.790420
2031   -3.471622  -1.634010  -13.432055
2034  -10.509748 -36.331188  -15.613924
2037  -12.138683 -40.218304  -12.222728
2040   -8.471131 -49.516979  -13.016028
2043   -4.155262 -46.786736  -15.320609
2046  -14.819704 -22.144762  -12.685871
2049   -8.112488 -28.489437  -15.210359
2052  -10.249979 -33.027348  -15.723736
2055   -4.362801 -22.674137  -12.450769
2058   -2.423784 -36.932747  -12.171499
2061  -11.547283 -38.722237  -12.245150
2064   -4.312958 -49.738422  -12.927895
2067  -14.185009 -45.712337  -13.399660
2070  -14.045757 -15.593085  -12.491985
2073  -13.217056 -39.140644  -12.239049
2076    0.394059 -34.413712  -15.312718
2079   -8.703241 -31.579712  -12.185268
2082   -6.067600  -3.322651  -14.022674
2085   -4.249271   0.504620  -13.067878
2088   -0.314980  -7.592651  -13.948764
2091   -9.721971 -59.815014  -13.002546
2094  -14.578898 -44.966862  -13.825856
2097  -10.710384 -46.089169  -15.526939
2100   -6.099548 -11.102347  -12.005407
2103   -2.051189 -26.187965  -14.869848
2106  -13.798144 -34.069378  -15.449989
2109  -11.439384  -7.614986  -12.848847
2112   -0.198875  -4.833764  -13.140789
2115    1.486805 -62.070477  -13.613284
2118    1.604454 -36.019943  -11.851127
2121    2.660466 -60.631721  -14.451965
2124    0.634523 -56.586754  -12.776613
2127   -6.474960 -26.388115  -14.859697
2130   -4.356782 -29.448629  -15.115400
2133    4.662563 -35.934895  -13.539065
2136    0.734863 -60.092472  -15.098223
2139    1.913448 -48.905754  -12.545835
2142    3.395198 -32.959114  -15.214567
2145    2.207962 -50.851299  -12.529378
2148   -5.818359  -5.241354  -12.589344
2151  -13.801121 -53.948921  -13.426790
2154   -2.177860 -60.375473  -14.811988
2157   -3.495953 -45.198200  -13.383705
2160   -6.533973 -31.878962  -15.397474
2163   -5.190030 -13.389924  -14.251793
2166    1.738014 -41.628201  -12.161160
2169   -4.056835 -12.008425  -11.898815
2172    4.547558 -25.450466  -12.848902
2175  -12.078679 -33.323647  -12.263678
2178   -9.834088 -32.244862  -12.221239
2181   -0.911978 -29.247808  -15.124744
2184   -8.239298 -32.889084  -15.536865
2187    0.802162 -60.695847  -13.178560
2190   -5.406967 -41.983921  -12.597054
2193   -5.296032   0.522310  -13.258611
2196  -13.095203 -18.811014  -12.146523
2199    2.654177 -25.890955  -11.652699
2202    1.689211 -46.120441  -12.895921
2205   -9.094242 -12.373009  -12.155495
2208   -8.476311 -22.154934  -14.719756
2211   -6.406633 -54.456352  -12.672075
2214  -12.425617 -27.508104  -15.728415
2217   -1.148600 -37.079464  -12.074352
2220  -13.234122 -45.831245  -12.797955
2223    3.399833 -49.720379  -14.798076
2226   -5.014517 -53.621998  -12.654175
2229   -3.609745  -7.124010  -12.407467
2232  -10.556964 -56.604404  -15.239876
2235  -13.900217 -41.699196  -13.083278
2238  -10.042099 -48.556881  -13.310060
2241   -6.217052 -20.343655  -14.498919
2244  -11.256073 -48.476429  -13.169321
2247   -6.526325 -46.021061  -13.404930
2250  -15.014045 -31.284098  -14.631155
2253  -13.951944 -49.933949  -13.274007
2256  -11.817765 -58.638710  -12.753921
2259  -10.184323 -58.959476  -12.902095
2262   -4.487854 -14.710449  -14.105366
2265    0.691383 -26.171967  -11.727923
2268   -6.562507 -59.974438  -13.145197
2271   -7.556453  -7.108292  -12.431399
2274   -8.169350 -57.117287  -14.830708
2277   -1.842815 -48.508904  -12.788462
2280   -5.715866 -21.475325  -14.564858
2283   -8.519711 -17.139078  -14.422583
2286   -4.260249 -52.999405  -15.186100
2289  -11.456532 -31.955988  -16.001602
2292  -14.327700 -42.100773  -14.670385
2295   -3.829925 -59.573380  -13.219541
2298    4.725048 -28.605654  -13.704910
2301    1.502431 -38.660599  -15.558242
2304  -10.124331 -16.841703  -12.223248
2307   -0.101341 -61.193775  -14.779972
2310  -10.935998 -56.959736  -12.660139
2313    1.469417 -32.425880  -12.021451
2316    0.134920 -22.289574  -14.476860
2319    3.464039 -31.617355  -12.063441
2322  -11.305460 -14.872632  -12.260291
2325  -14.102789 -33.181652  -15.246282
2328  -12.795522 -17.103996  -12.172362
2331   -7.904072 -24.128998  -14.859425
2334    3.409250 -27.547966  -14.847555
2337   -7.434651 -39.480453  -12.344667
2340   -5.494274 -16.678282  -14.435274
2343    2.069735 -30.622318  -11.914673
2346    2.430458 -21.205778  -11.765075
2349    4.693762 -34.246071  -13.209659
2352    2.908401 -56.990719  -13.924445
2355    2.624058 -58.596951  -13.961050
2358   -1.650921 -24.581625  -14.687981
2361   -7.764499 -27.969477  -15.102792
2364   -0.974140  -3.790283  -13.271525
2367   -4.302750 -13.015334  -14.207828
2370    0.263712 -41.075603  -12.238885
2373   -9.796135  -9.831302  -12.202601
2376  -10.892808 -31.543814  -12.136798
2379  -13.585456 -37.271160  -12.262061
2382  -12.725545 -49.005039  -12.884827
2385   -7.564516 -46.167885  -13.365890
2388    0.441452  -5.624488  -13.320612
2391   -7.365094 -57.986420  -13.002663
2394   -8.939582 -52.245903  -12.784158
2397  -10.950534 -59.328686  -12.856451
2400  -14.280577 -32.543045  -12.550635
2403    2.923285 -12.049510  -13.585220
2406  -11.907787 -25.818615  -11.607369
2409   -5.266991 -23.489136  -14.623600
2412   -4.932240  -5.256166  -12.527971
2415   -0.910799 -60.114147  -13.190970
2418   -8.192638 -55.945084  -12.775454
2421  -14.135818 -25.886240  -12.179884
2424   -8.505484 -48.675209  -15.250595
2427   -8.909963 -14.545212  -12.176359
2430   -3.223770 -21.658016  -12.462857
2433   -8.277813 -30.335854  -12.079039
2436   -6.790273 -22.249744  -12.515370
2439   -8.715567 -34.285847  -15.515129
2442    0.944084 -10.166733  -13.836703
2445   -2.047139 -41.722851  -15.594866
2448   -7.004181  -1.029474  -13.110889
2451  -14.176610 -39.892429  -12.994906
2454   -0.547800 -24.520628  -12.016878
2457   -6.068783 -48.771194  -13.005430
2460    0.392633 -62.266766  -14.026813
2463    1.212217 -18.219618  -11.986107
2466   -6.958034  -8.125401  -14.289056
2469   -9.895798 -58.149200  -14.876935
2472   -7.749417 -41.445461  -12.441284
2475   -1.473667 -35.633663  -12.168354
2478    0.339770 -47.286930  -15.508071
2481  -13.317120 -21.919109  -12.163807
2484    1.256567 -40.096512  -11.980009
2487   -2.963540 -44.995918  -15.329411
2490    3.899996 -19.769543  -12.273109
2493   -4.868071 -15.320688  -12.037793
2496   -0.733166 -17.927195  -14.131163
2499  -14.516074 -43.464912  -13.611307
2502   -1.874737  -7.069889  -14.093498
2505   -2.042107  -2.249443  -13.146708
2508  -12.737484 -20.430994  -14.981363
2511   -8.978851  -6.295139  -14.028572
2514   -1.513875 -31.618872  -15.145319
2517  -14.754543 -40.582211  -14.378548
2520   -7.793651 -20.463524  -12.654124
2523   -3.936702  -0.856544  -12.906136
2526   -3.157489 -11.992378  -14.220957
2529  -15.335143 -29.500122  -13.532680
2532   -5.143871 -58.806118  -14.509323
2535   -5.472864 -30.271029  -12.160269
2538  -15.102374 -25.636782  -12.935923
2541  -10.462309 -44.836735  -15.499429
2544   -3.711720 -33.613510  -12.360038
2547   -8.120998  -7.489795  -14.215929
2550   -1.054893  -5.033272  -13.678329
2553   -8.973922 -16.506495  -12.318660
2556  -12.789219 -32.606918  -15.956497
2559    1.575690 -48.212021  -15.580305
2562  -14.911093 -39.634693  -13.612318
2565  -14.272120 -45.399666  -15.034062
2568   -9.376369  -9.668190  -14.278810
2571   -9.994494  -8.127085  -12.344558
2574  -14.487019 -19.742512  -12.556816
2577  -13.458850 -59.239986  -13.337112
2580   -4.750422 -31.474077  -12.341532
2583   -5.327179 -52.720417  -15.177866
2586  -13.597472 -57.169868  -13.353542
2589    4.249094 -20.066442  -14.051159
2592   -0.234379 -59.634590  -13.086329
2595   -2.060596 -53.664001  -15.272541
2598  -13.399300 -40.750889  -12.537068
2601    3.566223 -51.456257  -14.416244
2604   -4.273115 -40.509243  -12.438517
2607   -0.554661  -9.952739  -14.002522
2610  -11.702059 -39.174015  -15.740520
2613   -0.890285 -18.923229  -12.158514
2616   -7.862724  -5.755943  -12.454018
2619    0.040929 -36.653076  -15.434141
2622   -5.109852  -1.070555  -12.966052
2625    3.276158 -54.467682  -14.236145
2628  -11.432533 -46.028652  -12.605376
2631  -12.263309 -48.882561  -15.626110
2634   -6.610825 -10.536625  -14.269522
2637  -13.715942 -31.123608  -15.748160
2640   -7.243122  -4.346252  -13.957203
2643  -11.241856 -27.950684  -11.952451
2646   -0.041718 -27.451870  -11.856369
2649    1.560188 -20.140793  -11.937576
2652  -10.374212 -50.556404  -13.027422
2655   -0.043621 -12.130161  -14.057950
2658   -5.166423 -21.203773  -12.599819
2661    3.079411 -17.391386  -13.992327
2664    0.293159 -10.516334  -12.284711
2667   -6.730430 -28.336124  -15.091092
2670   -2.936075 -58.558502  -13.157015
2673   -4.089581 -18.172787  -14.302775
2676   -3.389088 -25.688242  -14.823624
2679   -0.154119 -53.312927  -12.486725
2682  -13.936039 -46.798412  -15.104235
2685   -4.509278 -32.769115  -15.297029
2688    2.356220 -46.997925  -15.626379
2691   -6.947184 -50.162426  -15.212889
2694    0.000000   0.000000   -0.000008
2697   -6.833412 -40.636288  -12.419832
2700    1.263815 -38.226582  -11.838235
2703  -15.361074 -31.777363  -14.001239
2706    2.886154 -24.613411  -11.673388
2709   -6.662292 -24.366196  -14.815977
2712   -2.366695 -47.062729  -15.379391
2715   -0.659845 -45.439449  -13.210069
2718   -3.098951 -14.436305  -12.064570
2721   -8.786117 -43.925205  -12.621396
2724   -2.445976  -3.048405  -12.884324
2727  -11.903854 -44.763538  -12.389920
2730   -9.644273 -35.285641  -15.563313
2733  -12.203280 -17.728933  -14.533432
2736   -2.757454 -21.040594  -14.454576
2739    2.256432 -28.708464  -15.084864
2742  -12.339981 -38.515972  -12.200054
2745  -11.914772 -55.338470  -15.374353
2748    4.014980 -28.697010  -12.595979
2751    4.464539 -26.512823  -14.194240
2754   -7.969163 -14.810560  -12.158768
2757  -12.264197 -41.682312  -12.240267
2760   -7.566737 -34.332672  -12.416382
2763  -12.748266 -47.225338  -15.588915
2766   -6.449078  -4.142052  -12.832118
2769   -4.515965 -45.162544  -13.390133
2772   -7.587731 -25.893759  -12.415019
2775   -1.029659 -14.222392  -13.872672
2778  -12.408399 -36.822510  -12.359851
2781   -5.519688 -38.001770  -12.320536
2784    4.664219 -29.924036  -13.353409
2787   -7.044277  -8.665350  -12.071606
2790  -15.432453 -28.407228  -13.320684
2793    2.956317 -36.729885  -15.481219
2796   -1.307680 -22.116179  -14.472242
2799   -7.731923 -49.993443  -15.247596
2802  -10.615770 -42.951836  -15.545568
2805   -6.862316 -39.440231  -15.482524
2808    1.971178 -50.908455  -15.591599
2811  -12.725725 -35.085346  -15.959489
2814   -8.778664 -13.064010  -12.137931
2817   -6.925046 -30.214310  -15.287174
2820    1.476521 -13.439110  -13.836595
2823  -15.190161 -36.194801  -13.517939
2826  -10.441749 -19.140291  -14.762627
2829   -3.174896 -27.755869  -14.959676
2832    0.106286 -56.630463  -15.556198
2835  -10.511246 -23.616564  -15.068670
2838   -5.088421 -60.429733  -14.359311
2841   -0.605926 -53.303207  -15.468786
2844   -4.229542  -5.842987  -14.095284
2847   -1.554607 -28.513182  -11.921356
2850   -8.234145 -33.397762  -12.449337
2853  -11.842869 -34.196377  -12.431933
2856   -4.730774  -8.172012  -14.078627
2859   -4.781849  -4.551800  -14.012564
2862  -11.623924  -8.772678  -12.662762
2865   -6.423304 -13.119658  -12.076718
2868    4.433836 -20.959263  -14.021957
2871   -2.248451 -28.146589  -15.029738
2874   -1.016397 -40.501122  -15.490870
2877   -4.945026 -50.718307  -12.924566
2880    2.404495 -24.879805  -14.651297
2883    1.768116 -13.801940  -12.137064
2886    1.546894 -56.546238  -15.439906
2889   -4.403595 -23.958891  -14.663095
2892  -13.007954 -20.512886  -12.125350
2895   -7.457919 -31.113958  -15.368426
2898   -4.795839 -25.114584  -12.413706
2901  -11.311656 -16.958204  -12.226432
2904    2.746694 -52.232208  -12.994337
2907    3.555983 -26.613276  -12.133244
2910   -1.639102 -45.083843  -15.379911
2913   -0.315157 -49.412273  -12.617766
2916  -13.023446 -44.986542  -15.678432
2919  -11.091152 -12.568317  -14.483056
2922   -0.158054 -55.181606  -12.692146
2925  -14.044885 -27.067173  -12.087406
2928    0.847397 -45.299046  -15.662457
2931    1.194954 -62.221569  -14.820193
2934  -10.554974 -25.434191  -15.287693
2937   -1.137089 -15.945872  -14.122272
2940   -5.137707 -55.235714  -12.791322
2943   -6.035679 -58.811943  -14.410260
2946  -15.031003 -25.936464  -14.056123
2949  -13.255351 -42.075802  -12.550257
2952  -14.190848 -43.243015  -14.949247
2955  -13.102525 -50.885368  -15.426959
2958   -5.502706 -42.538624  -15.358384
2961  -12.712398 -24.872225  -15.434832
2964   -2.438919 -17.801104  -12.207373
2967  -11.775212 -22.077000  -12.308142
2970   -5.978357 -39.974705  -12.404936
2973  -13.695309 -52.520153  -13.549450
2976  -15.351269 -26.912230  -13.776628
2979    4.716751 -23.694614  -13.878239
2982    1.858379 -18.226917  -14.075643
2985   -5.441673  -2.109306  -13.967504
2988   -2.889431 -31.558168  -15.209233
2991   -0.707418 -22.701618  -12.143680
2994   -6.207463 -34.341049  -15.391395
2997   -9.873838 -28.576555  -15.593696
3000  -12.118878 -20.267895  -12.186626
3003   -1.357949 -12.838972  -13.993766
3006   -1.958441 -38.660507  -12.223113
3009  -10.235321 -38.306831  -12.302240
3012   -2.552158  -2.473972  -13.505227
3015   -8.121803  -4.762970  -13.846817
3018  -11.086803 -41.243580  -12.296570
3021   -2.783455 -47.278839  -13.086330
3024  -14.980885 -37.073441  -14.168625
3027   -6.856033 -17.245422  -14.516687
3030   -6.990609 -13.515796  -14.311817
DATA_COMPLETE
