variable listc
3045
variable vLength
0
   0  -11.203068 -13.910955   -5.432511
   3   -1.017876 -38.040138   -4.747094
   6   -2.836660 -64.836914   -4.322623
   9  -18.841961 -65.079407   -4.303873
  12  -22.237038 -40.950195   -4.546002
  15  -13.506872 -14.759699   -5.647293
  18  -17.629461 -21.307323   -5.153410
  21  -18.114449 -28.703724   -3.606286
  24  -19.084488 -47.134060   -3.436577
  27   -9.141790 -57.076759   -3.863892
  30   -2.472903 -47.376587   -3.937272
  33   -2.715430 -34.038815   -4.117927
  36   -5.140464 -23.489864   -4.568952
  39  -10.111797 -17.912281   -4.863827
  42   -9.141790 -39.737694   -3.694646
  45   -6.929418 -25.889872   -7.430167
  48  -12.915796 -19.778749   -4.680220
  51  -15.174650 -62.707561   -5.721978
  54   -3.948973 -53.650414   -6.810479
  57   -8.175735 -44.769073   -7.081201
  60  -16.123859 -33.154034   -7.277347
  63  -16.088886 -24.280909   -7.116961
  66  -21.243690 -28.939058   -5.154387
  69  -20.177225 -51.729919   -6.040170
  72   -7.322988 -21.292454   -7.031134
  75   -5.677104 -32.579002   -7.592781
  78  -13.641813 -20.070078   -6.942452
  81   -3.156473 -26.481310   -6.454464
  84  -12.657937 -50.077320   -6.805760
  87   -5.621042 -46.078808   -7.190222
  90  -17.442722 -58.216873   -6.626872
  93   -2.468540 -49.702362   -6.250491
  96  -10.035487 -23.954340   -7.416230
  99  -20.846079 -43.671356   -4.104358
 102   -5.076467 -19.372520   -5.740202
 105  -14.719125 -18.784517   -6.652727
 108  -15.393699 -31.486710   -7.362831
 111   -8.167049 -63.895329   -4.734593
 114  -19.277220 -22.807798   -5.418004
 117   -9.849024 -47.595192   -3.484604
 120  -16.396133 -39.469627   -7.171380
 123  -20.570580 -32.641155   -4.599565
 126   -9.687739 -42.165096   -3.683375
 129   -1.413951 -49.606426   -4.349488
 132   -1.994264 -61.152576   -4.699826
 135  -14.063617 -31.796257   -7.377349
 138  -11.898440 -21.328127   -4.550363
 141  -17.342575 -46.035763   -3.249393
 144  -21.420029 -43.940151   -6.135787
 147  -22.651981 -41.742683   -4.940802
 150  -15.789472 -49.604908   -6.995830
 153  -10.644788 -58.557629   -5.833209
 156  -12.751238 -59.115547   -3.729628
 159  -10.412034 -50.593281   -3.522557
 162  -20.040956 -44.234062   -6.901548
 165   -2.624036 -24.180370   -5.333074
 168   -1.690984 -47.273140   -6.337254
 171   -3.494885 -25.260616   -4.877633
 174   -7.479338 -17.943491   -5.078008
 177  -18.799215 -37.627018   -3.336783
 180   -2.518231 -34.464256   -7.008192
 183   -2.537522 -40.965202   -7.021471
 186  -14.967038 -39.075771   -7.123785
 189  -14.751657 -47.792435   -3.328347
 192  -11.217113 -44.793251   -3.582820
 195  -22.554199 -38.978901   -4.826969
 198   -8.410031 -53.814980   -6.706302
 201   -8.243999 -29.301373   -7.612681
 204  -18.157505 -56.074482   -6.714487
 207   -9.588575 -38.921856   -7.102056
 210   -8.642587 -23.569069   -7.397289
 213  -12.677129 -63.474621   -5.484926
 216  -19.147310 -62.904327   -5.262078
 219  -14.247961 -25.012173   -7.347477
 222  -18.971008 -59.139874   -6.028719
 225   -3.419679 -34.522202   -3.828671
 228  -18.836802 -41.236378   -7.338911
 231  -11.897676 -62.605881   -5.521431
 234  -15.411355 -53.303936   -6.710198
 237   -4.364379 -44.766628   -3.513401
 240  -16.359741 -20.397566   -6.637861
 243  -16.466465 -32.461197   -3.258885
 246   -7.493203 -33.681545   -4.041985
 249  -14.686050 -55.163612   -3.190833
 252  -15.738585 -46.482880   -3.338357
 255   -6.033131 -31.405825   -7.613610
 258   -1.094548 -54.801247   -4.784079
 261   -4.697564 -33.567482   -3.950558
 264  -15.550041 -52.150776   -3.089757
 267  -18.256275 -28.784170   -3.707907
 270  -16.200056 -54.854500   -6.558531
 273  -19.600533 -56.624874   -6.128050
 276   -3.406080 -34.962288   -7.397958
 279  -10.130422 -16.168419   -5.093081
 282   -7.795936 -59.126755   -6.311726
 285  -18.592529 -46.461155   -7.197221
 288   -7.895925 -27.089933   -7.652251
 291   -3.542660 -52.841717   -3.673625
 294  -13.572477 -59.299625   -5.734388
 297  -12.938154 -21.275322   -7.133487
 300   -4.112242 -24.109728   -4.737374
 303  -19.142551 -35.550007   -7.230291
 306   -7.263140 -49.400852   -3.464868
 309   -0.018583 -37.368958   -5.798506
 312   -5.232960 -41.426968   -3.571466
 315   -8.180939 -36.447193   -7.343065
 318   -2.669230 -51.724609   -3.986429
 321  -12.681227 -63.381294   -4.244162
 324  -11.843677 -25.409756   -4.314288
 327   -1.393017 -33.154663   -4.813932
 330  -17.618881 -36.025211   -7.353833
 333   -5.196930 -48.775951   -7.239908
 336  -21.562931 -48.887920   -4.418298
 339   -8.989010 -21.562918   -4.627311
 342  -16.364456 -50.829708   -3.088977
 345    0.002193 -38.377316   -5.828982
 348  -15.489819 -59.184418   -3.505487
 351  -21.169264 -53.381836   -5.173034
 354   -9.555546 -61.465427   -5.538788
 357  -12.520806 -22.880297   -7.373919
 360   -6.826889 -57.037106   -3.859433
 363  -18.160994 -49.447689   -7.086710
 366   -8.712431 -43.403507   -7.120320
 369  -16.434252 -47.672832   -7.063188
 372   -5.783456 -48.983696   -3.438823
 375   -3.139516 -35.895466   -3.810749
 378  -19.661179 -32.556980   -6.835809
 381  -11.724004 -53.738464   -3.506588
 384  -18.661291 -55.636543   -3.532104
 387  -19.259132 -27.047176   -4.603103
 390  -10.216295 -50.529797   -6.787973
 393  -17.061798 -60.968563   -6.298969
 396  -20.920036 -54.143646   -4.405397
 399   -3.697446 -32.313053   -4.243402
 402  -12.178538 -30.012411   -3.991451
 405  -14.654794 -23.884653   -7.204251
 408  -22.460333 -39.653000   -5.944708
 411   -5.944771 -51.235676   -7.168836
 414  -17.822357 -59.072575   -3.397741
 417   -4.528391 -58.816212   -3.659321
 420   -6.821970 -25.160645   -4.470992
 423  -17.425821 -64.346313   -5.095576
 426  -11.112610 -18.524998   -4.830308
 429   -9.868775 -13.696429   -5.771760
 432   -5.118518 -30.380573   -7.512990
 435   -8.251592 -62.414314   -5.668711
 438   -4.704035 -26.985447   -4.331201
 441  -22.135965 -44.166553   -4.770159
 444   -0.184733 -41.131184   -6.045857
 447  -12.634436 -24.302246   -4.296506
 450  -16.573505 -58.223656   -3.268822
 453   -0.820208 -30.863420   -5.562148
 456  -11.675153 -57.511696   -5.924899
 459  -14.916442 -26.120052   -3.891521
 462  -13.872515 -62.536541   -5.840316
 465   -6.120907 -52.596916   -7.145597
 468   -7.113067 -53.745411   -3.634809
 471  -10.948688 -41.338818   -7.088028
 474  -10.193856 -42.827652   -7.064425
 477   -9.413712 -18.282698   -6.718157
 480  -10.515482 -55.482861   -6.436214
 483   -0.142039 -43.290657   -5.607199
 486   -4.634434 -62.129250   -3.743639
 489   -8.334951 -60.847744   -5.923773
 492  -12.654909 -18.391964   -4.946416
 495   -8.536224 -20.689032   -7.091565
 498   -4.763217 -34.971489   -7.751424
 501  -13.856718 -46.194527   -6.967518
 504  -14.014133 -35.273022   -7.285963
 507  -20.017624 -46.629044   -6.660213
 510  -13.928333 -40.071648   -7.104263
 513  -13.307194 -61.334953   -3.850785
 516  -20.826992 -32.377640   -6.366979
 519   -1.785082 -29.340214   -5.046740
 522   -7.483703 -57.551369   -6.530445
 525   -4.458034 -65.686478   -4.811309
 528  -17.311729 -19.129829   -6.127240
 531  -14.086781 -58.907684   -3.624765
 534  -16.887400 -26.103548   -7.097045
 537  -15.456754 -26.475182   -7.236674
 540   -0.491955 -41.304207   -4.864743
 543  -15.407429 -60.465736   -3.755893
 546   -3.626225 -64.707680   -5.771368
 549  -11.280553 -53.956989   -6.551864
 552   -9.935878 -52.911297   -3.560401
 555   -6.517725 -39.175964   -7.219397
 558   -3.521420 -37.297924   -7.445773
 561  -13.632322 -36.912067   -7.215609
 564   -2.698011 -47.254341   -3.815342
 567  -18.467829 -60.496250   -5.988001
 570  -14.685869 -27.900871   -7.172019
 573   -2.961923 -45.193790   -3.645461
 576  -18.532993 -62.689739   -4.083961
 579   -6.949993 -31.441675   -4.166857
 582  -15.417265 -27.812117   -3.652061
 585  -15.706615 -63.767750   -4.906044
 588  -21.609962 -31.073397   -5.333663
 591   -5.334327 -53.137280   -3.484790
 594  -16.337181 -39.675301   -3.197118
 597  -17.766790 -40.599255   -3.136284
 600  -15.189693 -42.823559   -7.154191
 603   -9.808467 -54.276623   -3.677861
 606   -1.837885 -31.774796   -6.660507
 609  -13.833461 -60.789223   -5.934352
 612  -14.568345 -57.192394   -6.000453
 615   -7.207340 -52.318661   -3.514827
 618  -13.448258 -48.925282   -6.881242
 621   -6.028144 -20.388342   -6.725255
 624  -18.260674 -53.190914   -6.905588
 627  -14.035747 -55.662273   -6.241720
 630   -2.191007 -31.874271   -4.663791
 633   -6.389399 -20.568176   -4.904788
 636   -1.357099 -38.642887   -6.511759
 639  -12.372947 -19.225571   -6.973096
 642   -8.795596 -14.893770   -5.559118
 645  -15.817204 -24.913157   -4.077987
 648  -20.673328 -29.753468   -6.133433
 651   -2.660329 -48.444599   -6.561762
 654   -9.844861 -51.696106   -6.728364
 657  -12.462440 -26.911526   -4.081168
 660   -6.352293 -39.317825   -3.676936
 663   -8.849489 -46.281017   -3.547556
 666   -2.044191 -30.480179   -4.872765
 669   -6.670396 -27.195372   -7.422694
 672  -11.779393 -47.172920   -3.463937
 675   -8.493347 -50.665306   -6.859135
 678  -12.443050 -28.561228   -3.986331
 681  -16.929735 -33.612865   -7.309487
 684   -5.236001 -47.276497   -3.388704
 687  -15.087832 -54.766659   -6.480196
 690  -19.601252 -60.566547   -5.417257
 693  -10.647911 -40.590752   -3.680439
 696  -14.814242 -22.215023   -4.177667
 699  -13.422370 -16.322716   -6.692356
 702   -7.504407 -50.916870   -3.469452
 705   -1.082826 -47.305607   -4.496821
 708   -6.150075 -34.251709   -7.693788
 711   -7.278680 -24.434071   -7.280184
 714  -12.981660 -48.359028   -3.412255
 717  -11.203491 -33.572643   -7.267344
 720  -14.674253 -45.461700   -3.422100
 723   -1.803333 -48.360966   -4.111039
 726   -3.237824 -50.746876   -6.575758
 729  -22.011395 -47.936039   -4.988523
 732  -16.939405 -55.601898   -6.635981
 735  -18.999054 -39.453571   -7.363830
 738  -17.324444 -49.012634   -3.144068
 741  -13.915444 -17.799274   -6.791482
 744   -6.797701 -36.481201   -7.478500
 747  -16.962149 -52.155354   -3.045043
 750  -10.162601 -56.849255   -6.302757
 753  -16.629200 -62.927620   -5.793483
 756   -2.118882 -26.398394   -5.583143
 759  -11.278543 -52.303596   -6.671988
 762  -18.128248 -23.134340   -4.892688
 765  -10.744133 -31.835726   -7.505404
 768   -5.882010 -50.476990   -3.447433
 771   -9.666108 -55.572369   -3.735085
 774   -1.915214 -38.513054   -4.217451
 777   -8.634526 -37.338322   -3.836880
 780  -12.229063 -22.793690   -4.368913
 783  -15.131844 -30.222885   -3.552166
 786  -20.319761 -54.466442   -5.770109
 789  -13.776068 -34.367207   -3.537920
 792   -6.638299 -47.669216   -3.425435
 795   -2.705227 -53.448318   -6.215831
 798  -16.123915 -17.899099   -6.122825
 801   -8.050865 -44.916084   -3.610974
 804   -0.373073 -47.026375   -5.751998
 807   -7.473649 -59.432800   -3.902982
 810   -6.940509 -63.979656   -4.773615
 813  -17.855480 -63.151203   -5.481122
 816  -13.837875 -62.740376   -3.984927
 819  -12.028807 -42.853096   -3.591679
 822  -13.305557 -21.337883   -4.430664
 825  -10.196589 -48.759174   -6.876950
 828  -17.321795 -37.387989   -7.280307
 831   -7.158456 -28.302061   -7.619668
 834  -10.257339 -17.507586   -4.888365
 837   -1.070291 -39.780075   -4.591498
 840   -8.144749 -46.443821   -6.998015
 843  -14.191191 -21.586662   -7.067191
 846  -10.107855 -32.980354   -7.481655
 849   -8.738632 -50.324902   -3.502170
 852   -9.102148 -55.421799   -6.546954
 855  -11.221464 -35.114452   -7.276156
 858  -12.495764 -36.052094   -7.290643
 861  -20.984377 -27.997364   -5.185314
 864  -11.723853 -57.860958   -3.777135
 867  -14.302320 -50.283688   -6.855257
 870   -0.804805 -43.672085   -4.570011
 873   -3.906756 -44.223003   -7.194990
 876  -17.691172 -27.440851   -7.040465
 879  -19.409204 -48.121132   -6.891813
 882  -13.975997 -27.455854   -3.859293
 885   -6.044275 -59.709545   -3.799578
 888  -19.217726 -43.034622   -7.270336
 891   -2.538914 -36.034267   -7.131088
 894  -10.024251 -20.960997   -7.253959
 897   -4.095457 -42.218063   -3.497538
 900  -14.768121 -50.801041   -3.186701
 903  -16.501341 -43.061005   -7.233570
 906   -2.464612 -63.349880   -5.054053
 909   -8.339825 -19.927696   -4.756531
 912  -10.793277 -61.427227   -4.053375
 915  -11.782362 -50.819172   -3.468502
 918  -15.359134 -25.206430   -7.266773
 921  -20.963709 -55.120155   -5.146584
 924  -16.436146 -30.379868   -7.353394
 927   -3.731835 -41.037903   -7.313343
 930   -4.527786 -50.971245   -7.016146
 933  -16.551260 -31.815977   -7.352883
 936   -8.405539 -32.442085   -4.094128
 939   -6.082778 -42.631927   -7.183796
 942  -15.915288 -41.773403   -7.247295
 945  -19.178936 -47.499908   -3.452240
 948  -15.450683 -23.394598   -4.068482
 951  -12.643072 -52.888729   -6.621094
 954   -1.186886 -44.399044   -6.169036
 957  -18.009848 -54.366249   -3.269019
 960  -19.984402 -24.365116   -5.576497
 963   -9.054129 -29.274851   -4.194694
 966  -18.915646 -28.003080   -6.767828
 969  -20.105953 -46.642452   -3.777842
 972  -17.561907 -24.955107   -6.926261
 975  -12.737164 -31.176146   -7.439274
 978  -19.445959 -51.861221   -3.559931
 981  -10.686665 -28.836735   -4.113266
 984  -15.649670 -50.918106   -6.931811
 987  -16.269775 -37.964741   -3.188836
 990   -9.418892 -27.307568   -4.296165
 993  -20.346275 -35.586414   -3.959066
 996   -7.192753 -41.306927   -7.090514
 999   -7.533818 -52.929165   -6.857036
1002  -10.606082 -45.698235   -6.966517
1005   -9.802873 -15.535867   -6.700789
1008  -18.032259 -43.866718   -7.361158
1011  -12.095731 -46.847038   -6.929423
1014   -8.704940 -56.904404   -6.449469
1017  -11.848389 -16.876371   -5.000190
1020  -13.307521 -57.663437   -3.569949
1023   -8.761865 -16.819166   -5.186541
1026  -10.552457 -43.522305   -3.648867
1029  -16.633108 -20.706879   -5.014581
1032   -4.367839 -42.974033   -7.263989
1035  -20.420193 -49.204762   -6.287771
1038   -9.684696 -54.224106   -6.595558
1041  -22.578550 -41.004036   -5.732787
1044  -18.902172 -65.309547   -4.632141
1047  -16.162741 -21.979418   -4.416378
1050  -13.976525 -49.501328   -3.393895
1053  -13.462123 -16.288752   -5.356703
1056   -7.766072 -40.276661   -3.711217
1059   -1.970036 -45.962719   -4.040319
1062  -21.462479 -29.984682   -5.069671
1065  -10.951238 -41.993343   -3.644165
1068  -16.931517 -49.113636   -7.081614
1071  -15.885453 -56.452766   -3.121301
1074   -3.183090 -59.807751   -3.860804
1077  -14.327883 -52.376049   -3.255233
1080   -8.862758 -43.548306   -3.647373
1083  -21.784727 -46.723583   -4.595811
1086   -4.201375 -47.987576   -7.170358
1089  -21.053602 -39.660938   -4.023514
1092   -6.098904 -23.789747   -7.048778
1095  -14.042349 -30.564438   -7.407958
1098  -14.968981 -48.412868   -6.968787
1101   -1.657901 -39.977184   -6.636790
1104  -10.061171 -39.432415   -3.705171
1107  -11.059851 -18.104548   -6.866712
1110   -3.792890 -57.176777   -3.798130
1113   -6.426904 -26.849329   -4.420255
1116  -12.371669 -33.655602   -3.811780
1119   -7.032319 -35.085106   -3.954782
1122  -21.012234 -50.768925   -5.480794
1125  -18.587175 -21.355772   -5.967158
1128   -8.564076 -28.041002   -7.671012
1131   -2.262147 -35.381241   -4.163772
1134  -13.465343 -32.788750   -7.264534
1137   -8.017297 -56.043465   -3.849214
1140   -6.309899 -59.473045   -6.531689
1143   -5.083410 -21.088490   -5.021865
1146  -15.338474 -46.739029   -7.030884
1149   -5.030075 -61.055126   -6.430984
1152   -7.605902 -48.036167   -7.030500
1155   -3.579904 -65.777672   -4.098309
1158   -2.378052 -37.681381   -7.135323
1161  -16.414698 -54.892567   -3.029784
1164  -14.847622 -37.326363   -3.339660
1167  -12.796018 -45.503716   -3.524989
1170   -6.906343 -45.456120   -7.120689
1173  -18.583107 -53.067631   -3.428879
1176  -11.295181 -27.549105   -7.404247
1179  -20.104067 -28.588779   -6.304115
1182  -20.021292 -53.234104   -3.922718
1185   -5.444950 -27.722887   -7.263966
1188  -13.985578 -60.254986   -3.756090
1191  -11.651632 -30.562464   -7.434212
1194   -2.936247 -33.417084   -4.191590
1197  -17.715067 -23.845791   -6.756344
1200  -17.520021 -38.448429   -3.112470
1203  -17.594418 -42.235474   -7.340776
1206   -1.644926 -33.742455   -6.541466
1209  -16.962090 -53.504490   -3.045309
1212   -6.920655 -19.271780   -5.018704
1215   -2.468522 -39.888184   -3.969595
1218   -1.591022 -57.477989   -5.246547
1221  -19.080414 -55.085354   -6.438062
1224   -7.745493 -18.092144   -6.510284
1227  -18.788061 -34.285065   -3.655322
1230  -17.889315 -63.828831   -4.237259
1233   -2.315938 -54.318691   -4.012449
1236  -18.932299 -22.067108   -5.419416
1239  -11.354245 -43.034500   -7.042224
1242   -2.157891 -62.335003   -5.227420
1245  -17.553913 -22.255302   -6.551110
1248  -14.055736 -33.987904   -7.263574
1251   -4.984087 -39.656586   -3.594596
1254  -17.615358 -54.408443   -6.789786
1257   -9.053689 -40.854965   -3.703175
1260  -20.761768 -57.520569   -5.049195
1263   -1.903469 -42.739037   -4.073993
1266   -9.893541 -17.051924   -6.637965
1269   -9.514608 -47.287975   -6.961693
1272  -15.306092 -35.105953   -3.212392
1275   -6.132704 -56.775543   -6.751193
1278    0.000000   0.000000    0.000000
1281  -14.774172 -38.669861   -3.364716
1284  -18.799904 -48.859188   -3.414045
1287  -20.058052 -61.951469   -4.912746
1290   -4.426375 -46.774338   -7.213586
1293   -0.178330 -36.188980   -5.692299
1296  -12.370362 -43.974167   -7.055083
1299   -7.522311 -36.492477   -3.896560
1302  -17.458036 -61.915375   -3.959307
1305   -4.828187 -35.315590   -3.836923
1308  -12.474574 -48.402279   -6.878363
1311   -5.946654 -40.430950   -7.185706
1314  -20.961002 -52.383610   -4.330232
1317   -9.544469 -40.608345   -7.032358
1320  -10.795387 -36.593128   -7.294268
1323  -18.904091 -29.089378   -6.940557
1326   -6.484536 -37.823380   -3.763402
1329  -10.542065 -37.955326   -7.175251
1332   -3.501863 -61.137299   -3.955996
1335  -20.236153 -37.790054   -7.083357
1338   -1.470283 -34.448986   -4.541269
1341  -13.167348 -58.198502   -5.684238
1344  -16.438515 -47.687523   -3.213903
1347   -8.852846 -18.376066   -4.877373
1350  -21.650463 -50.093887   -4.588438
1353  -16.702881 -59.910713   -3.557389
1356  -15.604758 -60.648544   -6.408218
1359   -4.539020 -45.480713   -7.274544
1362   -6.849159 -60.960075   -6.267838
1365   -8.170298 -51.694778   -6.847509
1368   -0.880298 -32.857773   -6.147152
1371   -7.057447 -55.011150   -3.787435
1374  -15.587859 -33.478428   -3.231917
1377   -4.936857 -60.477097   -3.660386
1380   -5.581810 -47.601177   -7.186456
1383  -19.395317 -43.657509   -3.538449
1386   -3.403295 -25.016933   -6.322024
1389  -11.848794 -55.720131   -6.347250
1392  -14.922174 -32.779030   -7.276916
1395  -11.235565 -55.156231   -3.610939
1398  -18.534153 -64.042877   -5.099223
1401   -5.871665 -35.424793   -7.706324
1404  -12.594743 -54.566364   -6.481278
1407  -14.816372 -40.213230   -3.317573
1410   -7.470270 -54.795151   -6.736968
1413   -6.450941 -42.453854   -3.598160
1416   -2.930917 -58.569279   -4.023122
1419  -16.061337 -36.357979   -3.138468
1422   -5.814977 -64.284164   -5.363858
1425  -19.441648 -54.350399   -3.662102
1428  -12.376791 -38.443012   -3.601472
1431   -1.884550 -52.831112   -4.331078
1434   -1.414982 -48.360626   -5.812456
1437  -12.776182 -61.519276   -5.657318
1440  -16.417513 -64.046280   -5.197761
1443   -3.478070 -62.251160   -5.944225
1446   -4.874753 -28.709730   -4.334101
1449  -13.726757 -30.618576   -3.775764
1452  -12.245179 -28.874811   -7.304721
1455  -12.761401 -35.827084   -3.660908
1458  -12.399577 -26.591845   -7.374169
1461   -6.838666 -63.179470   -5.713400
1464   -5.237255 -36.952690   -7.500637
1467  -13.927311 -44.265518   -3.487159
1470   -5.095515 -64.373741   -4.350370
1473  -12.028525 -61.990566   -3.992409
1476  -10.821835 -47.032715   -6.944340
1479   -8.612576 -19.480669   -6.891853
1482   -5.102066 -41.615063   -7.205984
1485   -7.664324 -42.654922   -7.123929
1488  -22.473524 -37.710506   -4.835848
1491  -10.094327 -24.699163   -4.494102
1494  -12.675747 -41.138084   -7.116949
1497  -13.549167 -44.839378   -7.066274
1500  -13.671410 -46.601883   -3.451548
1503   -5.425620 -49.907890   -7.193923
1506  -10.521472 -26.033991   -4.348020
1509  -11.367743 -61.246067   -5.372952
1512   -4.339886 -58.051456   -6.417830
1515   -2.959351 -32.668629   -7.045831
1518  -14.147657 -43.499477   -7.103777
1521   -9.172178 -59.529366   -5.938478
1524  -17.902697 -31.912354   -3.632068
1527   -1.402728 -56.170189   -5.478563
1530   -8.431417 -54.577271   -3.738184
1533   -0.275609 -34.798267   -5.782881
1536  -18.414469 -33.237183   -7.156892
1539   -9.379875 -23.291414   -4.520618
1542  -22.341238 -34.123253   -4.709012
1545  -20.162540 -25.222740   -6.059552
1548   -2.555050 -46.101219   -6.643775
1551  -22.510393 -35.291821   -5.248300
1554   -8.802463 -22.214069   -7.277657
1557  -10.868386 -62.989624   -4.272288
1560  -11.464139 -24.050358   -7.391517
1563  -12.888681 -29.966431   -7.371781
1566  -12.441443 -17.592964   -6.917930
1569   -6.334011 -32.952446   -4.029427
1572   -3.296000 -31.142063   -7.060343
1575  -10.543067 -30.434814   -4.116884
1578   -5.404449 -45.912010   -3.459450
1581  -11.546193 -19.815378   -4.730735
1584  -18.920774 -45.726887   -3.419644
1587  -18.668583 -50.848118   -7.012448
1590  -16.897907 -43.174332   -3.089053
1593  -18.442171 -57.555450   -6.424673
1596  -21.361208 -36.816257   -4.191797
1599  -20.487284 -39.110428   -7.003208
1602   -0.868308 -38.495422   -4.787652
1605   -2.518819 -44.250504   -6.751368
1608  -15.489864 -17.227448   -5.763953
1611  -19.782621 -58.049217   -5.838873
1614  -10.945072 -49.008228   -3.459987
1617  -15.643660 -49.194248   -3.224651
1620  -12.478214 -43.985970   -3.587595
1623   -0.204534 -45.731739   -5.561815
1626  -12.871147 -31.837051   -3.844000
1629  -20.462727 -34.993580   -6.723324
1632  -10.112154 -52.908993   -6.653989
1635   -1.461179 -50.051208   -5.671505
1638   -6.035037 -56.017899   -3.816164
1641   -9.320271 -62.479378   -4.159725
1644  -10.605150 -22.317928   -4.527080
1647   -4.229885 -32.551197   -7.330406
1650    0.119126 -40.294231   -5.284162
1653  -13.113811 -27.841965   -7.177256
1656   -2.876468 -50.416233   -3.919595
1659  -19.121000 -25.619396   -5.152914
1662   -6.108875 -63.051983   -3.997638
1665   -4.626157 -63.356899   -3.864576
1668   -7.006627 -60.815708   -3.919223
1671   -5.351459 -43.280334   -3.522380
1674   -8.296655 -30.705610   -7.600244
1677  -17.943363 -30.188591   -3.680310
1680   -0.472286 -33.653316   -5.241446
1683  -17.745979 -32.362354   -7.234399
1686  -17.745016 -19.936571   -6.214824
1689   -4.833982 -24.425117   -6.793540
1692   -8.145818 -32.042946   -7.676413
1695   -4.149487 -31.087189   -4.244163
1698  -15.501078 -40.514931   -7.191354
1701  -19.507010 -64.535591   -4.681889
1704  -17.710489 -47.234406   -3.224036
1707   -3.866404 -64.690567   -3.934354
1710  -21.465063 -40.973263   -6.437618
1713  -13.868549 -53.724380   -6.604332
1716   -3.512036 -22.011644   -5.520258
1719   -9.964350 -32.157909   -4.053408
1722  -20.171049 -49.505405   -3.767644
1725  -13.530421 -42.652100   -3.498243
1728  -19.133139 -32.847633   -3.929465
1731   -6.304354 -44.628822   -3.580942
1734  -21.513062 -35.733257   -5.955200
1737  -14.962546 -35.839886   -7.273155
1740   -5.999007 -55.385971   -6.865655
1743   -5.820270 -21.752535   -6.971225
1746   -7.777963 -49.329208   -6.963203
1749  -19.828182 -50.633614   -6.387197
1752  -12.003812 -15.413159   -6.650603
1755   -2.786080 -42.660351   -6.884986
1758  -15.366529 -21.127674   -6.879494
1761   -4.188202 -54.157013   -3.512293
1764  -20.591900 -42.892475   -6.821677
1767   -5.039395 -25.549923   -4.423929
1770   -6.055322 -61.777931   -3.774060
1773  -11.314099 -16.680113   -6.834609
1776   -9.047129 -56.969391   -3.863488
1779   -3.389396 -28.134087   -6.918418
1782   -8.811665 -52.641766   -6.740889
1785  -20.522009 -56.407722   -4.416469
1788  -20.206461 -59.623550   -4.969346
1791  -12.401581 -56.541168   -3.551702
1794  -18.603848 -26.038439   -6.733816
1797   -2.811845 -52.034668   -6.333832
1800  -19.673639 -23.599857   -5.516948
1803   -8.823326 -35.424286   -3.960953
1806  -17.656736 -57.100197   -3.365066
1809  -13.821172 -17.540342   -5.252964
1812  -18.024349 -25.769835   -4.464859
1815  -10.521445 -46.301144   -3.525934
1818  -16.785656 -30.868185   -3.367664
1821  -11.740299 -51.140137   -6.739489
1824  -22.604113 -40.301380   -4.916734
1827   -0.198781 -42.129143   -5.627571
1830  -17.948854 -44.306297   -3.221768
1833  -17.914627 -47.658184   -7.159410
1836  -17.471527 -42.152416   -3.103978
1839  -17.644552 -31.003330   -7.317503
1842  -21.455551 -38.674522   -6.504088
1845  -12.167801 -40.185219   -3.534395
1848  -21.884861 -37.062531   -5.703382
1851   -0.580747 -31.962702   -5.380473
1854   -8.776138 -48.172802   -6.956088
1857   -3.758641 -27.823189   -4.379007
1860   -3.244325 -26.547777   -4.863417
1863   -3.730294 -40.536327   -3.657859
1866  -14.483742 -15.481281   -6.228582
1869  -17.638165 -21.083376   -6.347011
1872  -20.604458 -47.920647   -3.911375
1875  -13.252655 -51.482407   -6.739948
1878  -11.127588 -23.799347   -4.457986
1881   -3.992867 -33.656769   -7.419377
1884  -11.425106 -31.941793   -3.995661
1887  -21.265066 -39.929356   -6.650808
1890  -13.367160 -23.955431   -7.371896
1893  -12.594922 -52.520969   -3.424482
1896  -17.497236 -33.628853   -3.356071
1899   -9.110655 -45.877369   -6.989779
1902   -1.571857 -41.130901   -4.279281
1905  -16.132687 -36.695473   -7.219442
1908  -10.420867 -19.497112   -7.012504
1911  -20.896128 -45.496624   -6.224148
1914   -9.369562 -31.596708   -7.577109
1917   -7.155978 -51.614544   -6.981019
1920  -17.898649 -34.502968   -7.364501
1923   -5.441147 -30.169924   -4.227339
1926   -8.945602 -39.005539   -3.730397
1929  -17.049444 -44.962059   -7.296513
1932   -1.785507 -52.560654   -5.792512
1935  -21.538355 -51.245037   -4.512897
1938  -13.291817 -50.992756   -3.344483
1941  -16.359980 -27.624846   -7.224685
1944   -5.205707 -57.258598   -3.772197
1947  -16.813667 -53.440002   -6.861714
1950   -6.974751 -29.538977   -7.701191
1953  -17.431149 -29.176392   -7.231344
1956  -19.701113 -40.702927   -3.506464
1959   -1.687161 -27.467266   -5.711996
1962  -16.527515 -29.285345   -3.450693
1965   -2.278389 -25.346630   -5.440505
1968  -16.953417 -46.240940   -7.195562
1971   -9.989733 -28.084475   -7.516615
1974   -3.059392 -28.996984   -4.568738
1977  -15.662325 -44.052040   -7.170832
1980  -16.826448 -23.414450   -4.390711
1983  -22.406322 -38.297142   -5.774830
1986  -21.621984 -34.195766   -6.027720
1989   -5.687046 -24.097683   -4.448885
1992   -5.283783 -32.013054   -4.095794
1995   -6.889785 -50.403389   -7.017140
1998   -2.930781 -57.684959   -5.872823
2001  -19.027723 -61.702816   -5.657142
2004  -18.804136 -41.923340   -3.360929
2007   -9.150915 -33.751060   -4.027068
2010  -12.372772 -39.836864   -7.065005
2013  -14.526593 -52.141003   -6.749453
2016  -21.232058 -37.586720   -6.431336
2019   -3.304783 -29.644732   -7.003669
2022  -16.246664 -52.216808   -6.892600
2025  -19.720701 -29.662796   -4.278428
2028   -9.754037 -44.849743   -3.616341
2031  -21.100187 -52.058018   -5.293378
2034  -16.066071 -38.172783   -7.155550
2037  -19.209425 -31.300472   -4.094398
2040  -11.666428 -20.474113   -7.183065
2043   -1.341728 -42.941692   -6.296960
2046   -9.345324 -37.184723   -7.268782
2049  -14.854905 -58.579643   -6.078135
2052   -2.772130 -41.691975   -3.795165
2055  -11.028771 -28.976868   -7.360844
2058  -18.867556 -38.001503   -7.381634
2061  -12.036351 -60.365906   -3.881440
2064   -3.124007 -22.989758   -5.452488
2067  -13.777903 -47.547329   -6.914249
2070   -1.020837 -35.688477   -4.787618
2073   -8.023581 -41.850407   -3.675513
2076   -1.861642 -30.494822   -6.585681
2079  -10.969566 -15.001616   -5.216064
2082  -16.537214 -61.210300   -3.813603
2085  -20.542942 -33.639774   -6.609497
2088  -10.132971 -60.376976   -3.974211
2091   -9.014914 -51.729404   -3.526494
2094  -20.407274 -58.588905   -4.552350
2097  -11.276011 -48.153492   -6.899412
2100  -20.239103 -40.509335   -6.981716
2103   -9.076262 -49.412788   -6.890695
2106  -15.037010 -21.126150   -4.456691
2109   -8.887294 -30.891558   -4.181063
2112  -20.254715 -44.898235   -3.804651
2115   -9.664785 -26.673336   -7.545026
2118   -7.142214 -29.750219   -4.253337
2121   -7.699439 -38.608177   -3.729450
2124  -20.415987 -31.051735   -4.589195
2127   -4.698445 -56.758900   -6.662047
2130   -2.576644 -65.566948   -4.860084
2133  -16.943119 -56.042587   -3.134302
2136  -19.303820 -34.175831   -7.126131
2139  -19.842131 -62.658340   -4.481517
2142  -21.277130 -38.201889   -4.203538
2145   -9.131181 -58.926647   -3.932783
2148  -19.139570 -45.207268   -7.146939
2151  -20.125648 -60.820889   -4.347271
2154  -13.645790 -40.949726   -3.403215
2157  -18.100082 -20.529013   -5.554040
2160  -14.386533 -20.116945   -4.667347
2163   -3.291945 -45.561115   -6.953178
2166   -5.980806 -36.379330   -3.839796
2169  -11.090143 -52.249535   -3.507343
2172  -11.214205 -39.167038   -3.639439
2175  -12.382447 -41.413128   -3.559621
2178  -18.909266 -23.785471   -6.381051
2181  -20.619797 -27.225061   -5.826044
2184   -7.135373 -46.154305   -3.544905
2187  -10.818949 -59.213039   -3.891039
2190  -15.614156 -62.577351   -3.954275
2193  -18.468367 -30.130486   -7.152768
2196   -1.121690 -50.984200   -4.645821
2199   -5.217863 -54.079643   -7.141951
2202  -16.026241 -59.511448   -6.535240
2205   -4.132759 -51.473736   -3.583160
2208  -10.325449 -62.424351   -5.441726
2211   -3.169405 -39.088478   -7.273427
2214  -14.083055 -56.420010   -3.309819
2217  -12.529859 -34.676510   -7.266160
2220   -2.282676 -29.074556   -6.444892
2223  -11.002229 -14.394406   -6.557759
2226  -15.139233 -43.531914   -3.363801
2229   -2.460997 -27.685955   -4.967623
2232   -4.368189 -27.217630   -6.897123
2235   -6.819137 -47.155945   -7.067156
2238   -5.825059 -51.816555   -3.444618
2241   -7.708484 -15.879348   -5.572206
2244   -3.976136 -49.325363   -6.888810
2247  -11.324306 -13.466995   -5.776243
2250  -11.764664 -37.159657   -3.736264
2253   -8.570360 -60.196960   -3.970821
2256   -1.631464 -58.697258   -4.719613
2259  -19.787970 -36.512524   -6.922143
2262  -17.785234 -62.047417   -5.893886
2265  -14.148785 -29.162142   -3.780315
2268  -13.492278 -25.609531   -4.073669
2271  -20.864603 -47.867237   -6.128244
2274  -21.089579 -45.771084   -4.205052
2277  -16.165878 -44.700672   -3.275577
2280  -17.596027 -50.539577   -3.152847
2283   -0.939231 -52.216133   -4.806063
2286   -0.858610 -29.548916   -5.747401
2289   -7.798037 -57.933903   -3.893424
2292   -5.750847 -58.016972   -6.707930
2295   -3.802972 -52.209248   -6.865693
2298  -19.277967 -49.606407   -6.815996
2301   -2.424467 -27.671263   -6.431953
2304  -16.930452 -63.003651   -4.089290
2307  -17.459955 -21.907110   -4.844027
2310  -18.628677 -24.479485   -4.975003
2313  -13.556146 -63.755379   -5.000253
2316  -20.554195 -34.122986   -4.276278
2319   -0.201517 -39.302452   -5.691563
2322   -6.268504 -28.325508   -4.359984
2325   -1.964751 -55.930614   -4.168534
2328  -10.752772 -39.818424   -7.038189
2331   -9.268581 -49.182213   -3.478531
2334   -6.907245 -23.733629   -4.493739
2337   -8.089531 -26.441881   -4.433025
2340  -17.538078 -38.749500   -7.265292
2343  -19.820024 -38.776234   -3.575960
2346   -6.560566 -53.993538   -6.946080
2349   -4.393554 -28.647074   -7.219057
2352   -4.360262 -48.201649   -3.547955
2355  -10.010307 -36.141327   -3.881767
2358   -6.913176 -22.803658   -7.178896
2361   -4.637190 -31.493420   -7.338563
2364   -7.300184 -43.505516   -3.612536
2367   -4.998791 -22.683508   -6.597176
2370   -9.441935 -29.797127   -7.476198
2373   -4.609798 -55.746414   -3.725874
2376   -9.922184 -63.685627   -4.572243
2379   -0.896354 -53.461937   -4.996183
2382  -15.759830 -28.902740   -7.222945
2385  -14.149354 -41.836349   -7.153239
2388   -4.257573 -20.782515   -5.994144
2391   -3.281010 -37.301456   -3.665133
2394  -18.687529 -36.842136   -7.406360
2397   -9.014015 -41.755692   -7.084336
2400  -18.679909 -22.712263   -6.295296
2403   -9.150839 -25.686855   -4.438871
2406   -8.536379 -53.091919   -3.589738
2409  -16.883808 -40.941963   -7.286953
2412  -13.182781 -38.439442   -7.123278
2415   -2.057222 -44.312683   -3.990731
2418   -6.408814 -37.869213   -7.341898
2421  -22.019093 -33.006721   -4.976651
2424   -7.398080 -35.344532   -7.494175
2427  -17.016563 -56.897327   -6.713253
2430   -8.411304 -24.532219   -4.506858
2433  -13.909468 -22.652916   -7.210279
2436  -18.968319 -50.455345   -3.415792
2439   -7.708337 -62.604034   -4.050244
2442   -4.922948 -62.776054   -6.145831
2445  -20.460762 -51.041779   -3.907727
2448  -13.827866 -29.004337   -7.277670
2451   -8.019115 -33.091579   -7.649115
2454   -3.364486 -38.907158   -3.623744
2457   -1.499444 -28.427412   -5.337738
2460   -4.957959 -52.419479   -7.177243
2463  -16.081032 -57.867760   -6.455686
2466   -6.083078 -25.126961   -7.211131
2469   -5.900109 -18.121229   -5.562437
2472   -5.516382 -44.398075   -7.275884
2475  -21.830435 -32.117649   -5.709778
2478  -19.141848 -57.046177   -3.774651
2481  -12.654181 -42.523232   -7.074037
2484   -5.561530 -54.548073   -3.634834
2487   -0.485671 -48.328342   -4.830050
2490  -11.201912 -49.640686   -6.848562
2493  -13.963973 -26.489580   -7.280416
2496    0.006541 -44.457512   -5.375980
2499  -17.192566 -24.871464   -4.391040
2502  -17.424223 -36.501534   -3.176652
2505   -4.865907 -38.231251   -7.411559
2508   -4.574474 -39.649754   -7.393882
2511  -18.654142 -35.981300   -3.429143
2514  -14.244741 -18.766745   -5.010979
2517  -14.463031 -24.647551   -3.980512
2520  -18.631487 -39.363792   -3.279938
2523  -22.133266 -45.430313   -5.132599
2526  -14.893760 -31.793015   -3.501667
2529  -11.902423 -59.418999   -5.471958
2532   -8.437979 -25.670544   -7.467127
2535   -9.417590 -24.966759   -7.435151
2538   -1.180943 -37.098801   -6.579308
2541  -20.561953 -56.036621   -5.646902
2544   -8.608032 -34.668060   -7.434994
2547  -11.005004 -27.425318   -4.173416
2550  -16.343121 -41.331783   -3.173414
2553  -11.566532 -22.002726   -7.314864
2556  -13.882861 -32.927956   -3.617954
2559  -10.364786 -20.851448   -4.667293
2562  -21.411779 -49.203541   -5.588137
2565   -9.622536 -35.680775   -7.305998
2568   -1.995621 -54.655964   -5.903974
2571  -20.543564 -41.624428   -6.786815
2574   -9.844496 -19.634892   -4.787328
2577  -16.906187 -34.892994   -3.193887
2580   -3.217401 -63.492085   -4.098118
2583   -0.556574 -49.769806   -5.093825
2586   -1.882629 -51.154209   -5.947132
2589  -13.543454 -14.677444   -6.172467
2592   -8.188838 -47.908836   -3.483271
2595   -7.932345 -28.196424   -4.328064
2598  -21.401274 -46.645264   -5.740345
2601   -3.182312 -54.741795   -6.474915
2604   -4.184827 -36.116447   -7.676649
2607  -15.363927 -34.302067   -7.299909
2610   -7.548760 -21.467726   -4.630656
2613   -9.089529 -58.059204   -6.238980
2616   -8.095867 -38.040031   -7.204759
2619  -10.321150 -22.588678   -7.404712
2622  -10.397495 -30.548740   -7.476989
2625  -19.533344 -28.206484   -4.555815
2628   -1.881047 -59.947823   -4.578621
2631   -6.187570 -30.234264   -7.695572
2634  -12.987738 -55.039898   -3.434458
2637  -20.494093 -31.073799   -6.472495
2640  -12.247202 -45.547634   -6.984736
2643   -3.506588 -66.137611   -5.318114
2646   -9.915612 -34.333752   -7.307892
2649  -11.379770 -35.472336   -3.840542
2652   -1.440561 -45.640461   -6.193437
2655   -7.536003 -56.140999   -6.633972
2658  -11.241757 -44.293312   -7.023982
2661  -14.827589 -37.514542   -7.173444
2664   -7.943622 -22.804369   -4.557318
2667   -3.906831 -23.583324   -6.407697
2670  -13.549360 -39.234081   -3.433453
2673  -20.111559 -55.535828   -3.924429
2676   -3.735681 -46.462372   -3.456808
2679  -10.679735 -64.054916   -5.179841
2682   -4.739933 -22.718019   -4.710474
2685  -17.980639 -51.820328   -3.141886
2688   -2.948829 -62.208210   -4.226819
2691   -4.073343 -63.610016   -5.956417
2694  -15.122110 -45.317505   -7.110606
2697   -7.290839 -33.990211   -7.644145
2700  -14.804211 -59.811253   -6.177552
2703  -12.138464 -32.328880   -7.380200
2706   -7.183332 -31.286705   -7.724846
2709  -21.652733 -35.316162   -4.388101
2712   -3.104355 -49.043262   -3.789619
2715  -15.348017 -53.658073   -3.100124
2718  -18.959995 -61.688396   -3.906526
2721  -15.290674 -19.969971   -6.702779
2724  -19.226534 -53.766953   -6.432706
2727  -16.793852 -23.225805   -6.889194
2730  -14.073040 -36.014336   -3.439714
2733   -6.037707 -34.418373   -3.969723
2736  -16.459658 -18.768190   -6.205134
2739   -5.019886 -37.976334   -3.683605
2742   -1.076261 -37.203213   -4.691895
2745  -22.528973 -36.361393   -4.702376
2748   -3.439789 -60.821770   -5.942262
2751  -19.018772 -63.626499   -4.163835
2754   -7.830175 -39.909389   -7.092013
2757  -14.898218 -16.378414   -6.361826
2760   -2.382871 -64.438660   -4.716356
2763  -19.506571 -26.918560   -6.418705
2766  -14.609958 -63.735989   -4.762660
2769  -10.392557 -60.316719   -5.475287
2772   -5.589305 -26.221855   -7.146000
2775  -21.363691 -41.045078   -4.171693
2778   -2.479201 -57.235046   -4.118590
2781   -5.038994 -33.892426   -7.601962
2784  -17.758251 -40.068954   -7.305438
2787  -12.073676 -37.402504   -7.203899
2790   -0.772286 -46.263939   -4.619733
2793  -16.149763 -61.913593   -6.235503
2796   -4.331449 -55.344181   -6.810861
2799  -19.000082 -31.472340   -7.020281
2802  -20.710997 -36.481873   -6.594125
2805  -17.431349 -59.613613   -6.504264
2808   -5.864109 -28.915253   -7.491454
2811   -6.142135 -62.027241   -6.182595
2814  -16.559397 -26.423841   -3.855232
2817   -9.071015 -33.079617   -7.564304
2820  -16.317350 -21.894217   -6.790325
2823  -13.720681 -53.666702   -3.305799
2826  -18.094057 -64.936508   -4.524647
2829  -14.705606 -61.570320   -6.172014
2832  -14.667078 -61.794182   -3.759784
2835   -3.056599 -47.193207   -6.861219
2838  -20.248516 -53.129303   -5.981984
2841  -18.940542 -52.006435   -6.800318
2844  -12.547684 -25.334578   -7.364567
2847  -10.611506 -33.980526   -3.945679
2850   -2.088582 -36.749992   -4.204489
2853  -15.636687 -19.712727   -5.051856
2856   -8.567879 -16.649351   -6.332615
2859  -12.516238 -60.369225   -5.499548
2862  -19.786057 -30.199749   -6.680132
2865  -21.830101 -42.324924   -6.256190
2868  -20.070784 -37.036858   -3.727246
2871  -13.146436 -56.679630   -5.988014
2874  -13.330520 -37.387051   -3.529764
2877   -3.858189 -30.035654   -4.302553
2880  -19.402027 -59.894882   -3.855188
2883   -5.040746 -65.090195   -5.420535
2886   -9.244722 -63.563290   -5.455229
2889  -12.430271 -33.591919   -7.236795
2892   -3.310055 -55.568542   -3.736460
2895   -6.773942 -43.937088   -7.195723
2898   -6.264366 -22.176645   -4.548588
2901  -18.050205 -60.528889   -3.580539
2904   -9.703169 -44.491825   -7.028921
2907  -13.717440 -23.123758   -4.163756
2910   -3.387129 -43.650570   -3.510919
2913   -6.207560 -58.214451   -3.825793
2916   -0.849827 -44.997532   -4.618816
2919  -12.288469 -49.769753   -3.493319
2922  -15.033018 -57.800419   -3.297667
2925   -8.593019 -61.280415   -4.030130
2928  -16.569698 -35.199650   -7.315934
2931  -10.924711 -25.834957   -7.361499
2934   -4.428129 -29.795004   -7.382680
2937  -14.968375 -41.947155   -3.301980
2940  -12.188227 -15.296360   -5.284252
2943   -4.478477 -49.908852   -3.600955
2946   -1.481340 -41.601425   -6.570419
2949   -6.863566 -19.246552   -6.670041
2952  -10.927030 -56.582634   -3.712323
2955  -10.424358 -37.905926   -3.768613
2958  -17.607042 -51.946030   -7.065152
2961  -19.017654 -24.839285   -6.492128
2964   -4.959705 -59.527954   -6.557947
2967   -0.831352 -42.526733   -4.644858
2970  -11.672032 -63.943878   -4.746227
2973  -18.034164 -27.190393   -3.738435
2976  -17.031765 -28.103323   -3.458325
2979   -6.445622 -40.852615   -3.657689
2982  -10.077715 -57.903145   -3.866958
2985  -22.509422 -43.115349   -5.225633
2988   -2.958088 -56.220242   -6.310020
2991  -11.629962 -38.606335   -7.100639
2994  -20.266104 -26.107796   -5.410631
2997  -17.073425 -50.741135   -7.053057
3000  -15.606287 -56.286194   -6.264015
3003  -12.615600 -13.914295   -6.331751
3006   -1.367275 -35.539288   -6.535079
3009   -4.375537 -25.953230   -6.719711
3012   -6.821057 -16.903177   -5.567544
3015   -6.492322 -48.755066   -7.102987
3018  -15.228393 -30.010998   -7.355886
3021   -4.649428 -36.725636   -3.737470
3024  -19.830135 -63.647839   -4.761058
3027   -6.815169 -32.557972   -7.674170
3030  -19.053829 -58.309975   -3.817977
3033   -3.403013 -59.302616   -6.019503
3036  -15.298581 -22.728148   -7.029438
3039  -21.541498 -42.453182   -4.427200
3042  -20.150173 -42.169964   -3.749300
DATA_COMPLETE
