variable listc
3045
variable vLength
0
   0   -5.372837  -0.062864  -13.049902
   3    4.427142 -37.279434  -13.579069
   6    2.327147 -62.712738  -14.405067
   9  -12.722822 -61.779381  -12.879229
  12  -15.056171 -35.646114  -13.201134
  15   -5.839513  -8.812845  -11.982085
  18   -5.839513 -24.096138  -12.472021
  21   -6.189513 -43.812775  -12.998420
  24   -6.306190 -61.079384  -13.254078
  27   -5.606191 -35.296112  -12.343189
  30   -4.094099 -11.146164  -14.226980
  33   -4.751270 -26.312809  -14.831398
  36   -5.415919 -41.246101  -15.500565
  39   -5.144956 -61.546059  -14.173749
  42   -4.938170 -36.346111  -15.431710
  45   -6.990609 -13.515796  -14.311817
  48   -4.112823 -21.661888  -14.520808
  51   -9.870092 -33.979797  -12.494802
  54  -12.877372 -23.627594  -15.287154
  57   -9.515629 -21.800907  -14.793119
  60    4.834083 -31.972782  -13.994742
  63   -7.656124 -56.715954  -14.889387
  66  -14.535736 -35.276844  -14.689645
  69   -1.612331 -17.865578  -14.173325
  72  -11.076888 -25.584974  -11.814584
  75  -10.636760 -59.996700  -12.945410
  78   -8.472383 -52.805946  -12.756831
  81   -4.202227 -53.416191  -12.646061
  84    3.978676 -21.135019  -14.376854
  87  -10.602093 -48.301365  -15.416195
  90    4.348323 -34.466263  -14.622413
  93  -12.912098 -31.177290  -15.959364
  96    1.215956 -45.259594  -13.037840
  99   -4.221611 -27.027252  -12.268434
 102   -0.874630 -48.851540  -15.351517
 105  -10.719138 -47.776070  -13.171906
 108   -4.179623  -9.118904  -11.905787
 111   -6.402388 -48.747772  -15.181731
 114  -10.858410 -54.886909  -15.507665
 117   -9.153097 -33.162956  -15.594232
 120   -1.076759 -32.175095  -12.222000
 123   -3.356161 -47.149639  -15.318555
 126    0.870993 -30.668621  -15.121305
 129   -0.911219 -22.747797  -14.455730
 132  -10.937000 -14.196239  -14.482317
 135    2.194649 -48.595066  -15.618278
 138   -4.927834 -11.831657  -14.262379
 141   -6.862316 -39.440231  -15.482524
 144   -4.871174 -11.203072  -14.160045
 147   -4.589466  -7.442214  -14.089373
 150    2.413235 -30.856682  -15.165389
 153  -10.829149 -46.788616  -15.507368
 156    2.256432 -28.708464  -15.084864
 159    3.359425 -32.114334  -15.229309
 162   -2.738205 -40.351269  -12.393371
 165   -3.958633 -34.261765  -12.347136
 168  -10.197488 -13.823009  -12.192369
 171   -7.922175 -43.782921  -15.334248
 174  -14.453611 -25.830082  -12.380600
 177   -5.700740 -45.829346  -13.412759
 180   -5.723778 -38.569515  -12.353292
 183   -2.547024 -24.962500  -12.249187
 186   -0.454676 -48.106045  -12.721613
 189  -13.701771 -42.925377  -12.706228
 192   -4.293459 -17.317448  -14.320847
 195  -15.085696 -27.476393  -12.955406
 198    1.033220 -46.838257  -12.797128
 201   -3.228453 -44.199776  -15.342495
 204   -0.089348 -37.350792  -11.991814
 207    3.157965 -38.074333  -12.360717
 210   -9.353733  -8.025907  -12.283613
 213   -5.735437 -41.086246  -12.472051
 216  -10.638054 -45.849155  -12.748143
 219   -2.875254 -42.269962  -12.777840
 222   -1.954854 -55.896103  -15.223380
 225   -4.145964 -12.172688  -14.292287
 228  -14.464602 -33.726891  -14.847322
 231    2.654177 -25.890955  -11.652699
 234   -6.547241 -27.640966  -14.975106
 237    3.808510 -38.506134  -13.173493
 240   -1.177860 -16.904352  -14.123285
 243   -5.488426 -26.887791  -14.863114
 246   -5.828232 -56.306610  -12.880799
 249   -0.123035 -16.830111  -11.943434
 252   -0.154119 -53.312927  -12.486725
 255  -15.206070 -34.177650  -13.487567
 258   -9.939644  -7.152154  -12.474827
 261   -3.685589 -62.033863  -14.161700
 264    0.751886 -35.262547  -12.012821
 267   -3.126446 -31.433367  -12.297108
 270    3.015426 -50.737377  -12.992569
 273    1.917442 -59.722134  -14.893039
 276   -3.478121 -36.258232  -15.398952
 279  -10.485523 -51.576813  -12.817774
 282    2.766465 -52.811783  -15.123795
 285   -9.058459 -55.106781  -12.628872
 288    2.805908 -22.447701  -11.790731
 291   -5.766769 -34.046856  -12.394435
 294   -1.617565 -11.692392  -11.769756
 297  -10.607729 -20.711618  -14.840193
 300   -9.766713 -52.614532  -12.726912
 303  -14.254001 -38.092365  -12.839227
 306  -10.149025 -57.052082  -12.787125
 309  -13.635196 -33.063656  -15.621238
 312   -2.555664  -6.058231  -14.007586
 315   -0.060314  -9.147503  -13.910483
 318    2.624058 -58.596951  -13.961050
 321   -4.692405 -53.636925  -15.163641
 324  -15.515985 -27.591663  -13.357331
 327   -1.950374 -10.093864  -14.128924
 330   -7.272918 -46.744514  -15.302078
 333    0.283592 -21.044222  -14.416223
 336    3.376367 -45.378090  -13.210336
 339  -15.384638 -28.918640  -13.441632
 342  -14.653364 -41.269684  -13.710505
 345   -7.051373 -27.362202  -12.339058
 348  -14.323368 -34.329243  -12.722122
 351    4.464539 -26.512823  -14.194240
 354    2.762560 -33.213924  -11.916344
 357   -8.889748 -60.273846  -14.546196
 360  -12.644409 -48.201458  -12.758487
 363  -13.713056 -46.754986  -13.232264
 366    0.992764 -21.955439  -14.498755
 369    2.391163 -22.529507  -14.612942
 372   -3.480552 -37.634453  -15.317745
 375    0.845476 -49.977776  -12.445304
 378   -0.418501 -27.053953  -11.895740
 381   -6.423304 -13.119658  -12.076718
 384   -1.149146 -53.928860  -15.371003
 387   -6.288781 -25.525646  -14.842146
 390   -2.611309  -5.561232  -12.586338
 393   -8.392617 -59.597786  -13.052903
 396    1.589527 -45.271961  -15.769157
 399    3.344634 -35.989239  -15.330337
 402    4.082428 -44.681355  -14.082204
 405   -1.996250 -43.123795  -13.073995
 408   -9.532625 -16.933662  -12.243105
 411  -13.029762 -19.511694  -12.128945
 414   -0.065872 -13.967017  -11.876682
 417  -12.180592 -41.977890  -12.268795
 420   -7.758174  -3.186907  -12.893465
 423   -9.994494  -8.127085  -12.344558
 426   -2.583456 -46.396675  -15.369797
 429   -8.728138 -22.434559  -12.469700
 432   -2.933119 -62.017536  -14.194597
 435   -1.016397 -40.501122  -15.490870
 438    3.382225 -52.921486  -13.643429
 441   -4.195305 -21.322029  -12.554995
 444    1.899403 -26.331820  -14.812751
 447  -11.683242 -20.190107  -14.899968
 450   -6.224166 -54.880859  -14.973391
 453    2.046219 -58.101498  -15.021564
 456   -5.137928  -4.130229  -12.868193
 459    3.301126 -40.395645  -15.422535
 462   -5.998821  -8.374800  -12.054589
 465  -11.822998 -11.490151  -12.370285
 468    1.477250 -33.414520  -15.266263
 471    3.249155 -46.692242  -13.234233
 474   -2.997093  -7.277309  -12.433681
 477   -6.124249 -57.632042  -14.784441
 480   -6.562436 -61.756924  -13.857764
 483  -11.678913 -50.971573  -13.063648
 486  -15.280231 -26.396481  -13.255407
 489   -3.324780 -22.588181  -12.392541
 492  -13.439778 -48.684444  -12.930105
 495   -9.166374 -20.377281  -14.657170
 498  -11.118690 -49.395451  -15.501242
 501  -13.446263 -18.115658  -12.142568
 504   -9.195712 -57.505707  -12.908228
 507   -3.330269 -46.685505  -13.256587
 510  -14.903258 -38.521713  -13.720127
 513  -14.476436 -23.860392  -14.866048
 516  -12.223542 -58.273937  -12.666078
 519   -5.594795  -8.970326  -11.932426
 522    3.944427 -42.374706  -13.182938
 525  -11.623924  -8.772678  -12.662762
 528    0.944084 -10.166733  -13.836703
 531  -10.815098 -15.925882  -14.461119
 534   -9.157817 -46.591808  -13.238348
 537  -10.406105 -27.605591  -12.063353
 540   -7.982580 -50.203716  -12.887707
 543    3.276079 -21.313629  -11.892916
 546    4.019721 -47.253593  -14.201294
 549   -8.834167 -61.668068  -13.195447
 552    2.851173 -16.275002  -13.946688
 555  -13.245661 -35.345097  -15.766915
 558   -2.438919 -17.801104  -12.207373
 561   -7.595463  -7.612965  -14.257129
 564   -9.056738 -37.781845  -15.464338
 567  -14.493913 -36.693027  -12.870465
 570   -7.218485 -15.657983  -12.223579
 573   -0.588314 -56.285118  -12.850189
 576    0.386193 -41.445858  -15.503000
 579   -4.050309 -34.559834  -15.338488
 582   -0.812750 -13.323470  -13.942204
 585   -0.340563 -42.798233  -12.964315
 588    2.664234 -60.911312  -14.471333
 591   -8.131176  -8.464985  -14.242408
 594   -2.825271 -30.599121  -15.112814
 597    3.862976 -49.051281  -14.306041
 600   -3.116142  -3.658968  -12.829767
 603   -8.407091 -55.060246  -15.088529
 606  -13.835175 -14.284661  -12.543747
 609   -2.142998 -21.381258  -14.470743
 612    2.236813 -46.721260  -15.704975
 615   -2.682137 -58.717262  -14.989429
 618   -8.146762 -16.667946  -12.329117
 621   -5.003137 -30.617956  -15.206163
 624    0.619072 -62.647053  -14.540120
 627  -14.154886 -20.729898  -12.397339
 630    1.215560 -51.497169  -15.688254
 633  -11.276115 -30.301931  -15.990384
 636   -9.286488 -36.764320  -12.308441
 639   -6.556308 -21.398375  -14.600199
 642   -2.390606 -13.425175  -13.989574
 645   -6.560422 -35.963890  -15.469076
 648   -7.267403 -52.383156  -12.788786
 651   -3.426234 -39.340889  -15.379175
 654    0.796503 -13.000232  -13.912522
 657   -0.268280 -58.754456  -15.320346
 660   -4.881801 -22.432932  -14.544014
 663  -13.545691 -41.119934  -12.727370
 666  -11.052773  -8.366383  -12.580564
 669   -6.662292 -24.366196  -14.815977
 672  -10.607176 -58.102272  -12.814994
 675  -13.282516 -12.091188  -12.659280
 678   -8.375428 -38.752705  -12.335873
 681    3.004378 -57.955902  -14.294699
 684    2.906840 -24.416393  -14.637219
 687  -13.524874 -57.587852  -14.114135
 690    0.405054 -20.530561  -12.087147
 693   -6.872901 -55.000530  -14.984700
 696   -0.650959 -60.538860  -14.862891
 699   -1.079662 -25.002344  -12.060762
 702    0.187483 -51.556602  -12.463179
 705   -4.160988 -60.821571  -14.454625
 708    2.480938 -31.079479  -11.885665
 711   -2.494061 -38.723927  -12.258013
 714   -7.840811 -26.307436  -14.933180
 717    0.339770 -47.286930  -15.508071
 720   -3.709888  -3.324516  -12.895370
 723   -5.918247 -10.533649  -14.243162
 726  -12.329357 -14.321903  -12.294108
 729  -13.154620 -35.252941  -12.353870
 732   -5.447652 -24.345398  -12.464244
 735   -5.591302 -39.423534  -15.443702
 738    1.591538 -55.124607  -15.598532
 741    1.354645 -13.362065  -12.068473
 744   -3.098951 -14.436305  -12.064570
 747   -3.047845 -55.524113  -15.138441
 750  -11.767817 -60.127457  -12.844960
 753   -7.443330 -17.822248  -12.286186
 756  -14.552633 -18.858658  -12.538731
 759  -10.040672 -40.350296  -12.314768
 762  -11.161987 -22.669090  -12.292227
 765  -14.185009 -45.712337  -13.399660
 768   -4.026096  -2.170349  -13.645825
 771   -7.407731 -46.639725  -13.416748
 774   -5.728153  -9.481224  -14.255993
 777   -1.340363 -15.068793  -11.989860
 780   -0.566942 -21.017599  -12.207954
 783   -5.322043 -24.588379  -14.777493
 786  -14.584802 -40.604862  -14.619476
 789  -12.917956 -21.655312  -15.122770
 792    3.779523 -39.059406  -15.140884
 795  -13.585456 -37.271160  -12.262061
 798   -1.935808 -35.065205  -12.241735
 801    4.164489 -38.063793  -14.632040
 804  -14.011169 -15.108749  -12.569236
 807   -1.225639 -58.749714  -15.245653
 810   -9.754910 -53.209427  -15.360930
 813  -12.440625 -34.114685  -12.331522
 816   -8.842388 -30.891247  -12.106395
 819   -9.504440 -12.053092  -14.546889
 822   -8.340454 -26.166370  -12.354000
 825  -10.758842 -39.273617  -15.673406
 828    4.710356 -24.361238  -13.965101
 831  -10.192196 -56.788555  -15.150023
 834   -0.806300 -39.016003  -15.368653
 837   -5.611399 -14.463408  -12.085643
 840   -6.067955  -8.885483  -12.005713
 843   -7.963329 -49.335407  -15.234419
 846  -13.272350 -24.236393  -11.954580
 849    2.657115 -34.717888  -15.413194
 852    1.212067 -14.364952  -13.912457
 855  -10.927643  -7.545057  -12.683249
 858  -11.700869 -17.391581  -12.223921
 861   -1.777153  -6.655111  -12.465679
 864   -2.329578 -35.483849  -12.226674
 867  -11.095474  -9.066022  -12.520922
 870   -1.534462 -18.919941  -12.219354
 873    4.532405 -22.687082  -14.033556
 876    2.034675 -62.899132  -14.461036
 879    2.672320 -55.514118  -14.985652
 882   -2.838624 -26.288393  -14.843894
 885   -1.304801 -43.018394  -15.576806
 888   -0.736263 -20.598425  -14.359455
 891   -8.013026 -19.740347  -14.566851
 894  -10.621892 -49.297676  -13.254980
 897   -4.653610 -23.872499  -12.450232
 900   -5.865788 -23.427208  -14.666999
 903   -9.418808  -7.483622  -12.347244
 906    0.475240 -31.798983  -15.141497
 909   -7.722263  -6.207813  -12.461861
 912   -0.975239 -19.832094  -14.268993
 915  -13.458850 -59.239986  -13.337112
 918    0.384693 -55.312199  -15.572351
 921   -6.942471 -15.559647  -14.251757
 924    1.971981 -55.426430  -12.935711
 927   -3.152607  -9.216965  -14.123962
 930   -4.564075   0.721994  -12.985119
 933  -12.663973 -43.419842  -15.820599
 936    1.207230 -11.202416  -12.409868
 939    0.901005 -17.898844  -14.070807
 942   -7.471576 -29.496103  -12.089693
 945   -7.382518 -61.508247  -13.261373
 948   -4.663811 -19.263000  -14.352064
 951    0.168034 -26.123276  -11.830578
 954  -11.139454 -52.801517  -12.706465
 957   -6.296663 -16.966745  -12.345339
 960    4.152586 -33.077442  -14.712062
 963   -0.738781 -24.515974  -14.660757
 966   -1.960186 -46.955597  -13.081520
 969  -12.719461 -46.219845  -12.682369
 972  -11.423237 -40.916122  -15.778811
 975  -14.600374 -24.093754  -12.622478
 978   -6.064492 -38.089657  -15.234264
 981    4.770798 -30.321854  -13.542021
 984   -3.847742 -12.684002  -11.917845
 987   -7.804240 -14.215886  -12.121533
 990   -4.265785 -47.786621  -15.233820
 993   -0.630274 -12.095646  -14.102423
 996   -9.147926 -23.677967  -14.919519
 999    2.661142 -29.365446  -11.774260
1002  -13.231735 -28.195166  -11.750392
1005    4.741892 -25.551416  -14.058704
1008   -8.203619 -31.762568  -15.457538
1011   -5.200870 -19.902435  -12.736817
1014    1.912009 -36.314331  -15.493939
1017   -7.451248 -21.276793  -12.640110
1020    3.139719 -28.224415  -14.972710
1023   -3.199478  -7.083713  -14.165545
1026   -8.008231 -35.263672  -12.393754
1029    3.693364 -43.720055  -14.736126
1032   -5.166423 -21.203773  -12.599819
1035   -9.619363 -31.488152  -12.122238
1038   -8.762015 -28.868713  -15.327100
1041   -4.096718 -10.229600  -11.857255
1044   -1.893242 -25.411251  -14.819611
1047   -5.033241 -59.767288  -14.384591
1050   -7.044277  -8.665350  -12.071606
1053   -2.182394 -58.874645  -13.162738
1056  -11.168941 -61.385399  -13.748519
1059  -13.246893 -60.394108  -13.193625
1062    2.389248 -62.819820  -14.633120
1065   -7.847094 -14.274607  -14.300131
1068  -14.015118 -47.447361  -13.625473
1071    1.860668 -21.344463  -14.452578
1074   -4.899458 -19.383125  -12.623232
1077   -5.136215  -8.979942  -11.911922
1080   -6.827986 -33.979450  -12.408583
1083    1.771250 -27.977325  -11.652688
1086    0.649572 -62.354404  -14.050935
1089   -2.590800 -42.932621  -15.527658
1092    0.265118 -11.193626  -14.069793
1095    2.406656 -51.813980  -12.677113
1098  -11.991590 -33.806309  -15.916546
1101  -13.534687 -18.679705  -14.641580
1104   -8.166054 -20.771696  -14.626888
1107    3.554925 -49.912796  -14.603232
1110   -3.791527 -19.914762  -12.640688
1113  -11.133297 -44.079205  -12.420742
1116  -13.796644 -44.630070  -15.431647
1119    2.544425 -50.406414  -15.420174
1122   -4.791649 -17.795971  -12.336477
1125   -8.659597 -20.399483  -12.533881
1128   -8.409119  -7.859912  -12.225092
1131  -15.250301 -32.911732  -13.364683
1134    1.171497 -27.307014  -14.939627
1137    3.079716 -38.284863  -15.531429
1140   -0.378345 -16.630611  -14.083513
1143   -0.733162 -17.927195  -14.131164
1146   -1.242874  -8.062661  -12.274063
1149    3.049988 -39.095718  -12.361281
1152    4.065434 -37.567982  -13.190932
1155   -2.639560 -10.919785  -14.266930
1158  -11.628769  -9.829204  -12.593991
1161   -8.886571 -45.720249  -15.426991
1164   -9.416771 -38.531422  -12.312036
1167  -14.604984 -27.336210  -14.779552
1170   -7.849151 -54.948643  -12.658241
1173   -4.814201  -1.529474  -12.964004
1176   -6.787465 -34.470089  -15.427170
1179   -0.899193 -23.968681  -12.087381
1182  -11.681873 -47.084984  -12.785018
1185  -11.952572 -18.386211  -14.679095
1188    0.731880 -53.302734  -15.669741
1191  -14.517379 -43.136814  -13.657227
1194   -9.070934 -49.466267  -15.295280
1197   -0.335915 -15.400633  -14.061738
1200   -2.856842 -50.491650  -15.177121
1203    1.647433 -47.641079  -15.623434
1206    2.752458 -57.219143  -13.788326
1209  -12.432190 -22.703131  -12.166080
1212    0.786831 -59.720459  -15.144113
1215  -10.607368 -16.210245  -12.244344
1218   -0.145285 -18.170748  -12.000592
1221    2.409018 -17.456587  -12.025299
1224    2.840598 -46.237072  -15.465129
1227   -4.591712 -37.859875  -15.237575
1230   -6.971388 -37.230621  -12.299423
1233  -13.115325 -26.281868  -11.623010
1236   -4.602093  -0.448721  -12.942042
1239   -0.210989 -44.730370  -13.188394
1242   -1.746029 -56.934017  -12.983652
1245  -11.416547 -40.401947  -12.250725
1248    2.968794 -23.964550  -11.762010
1251    4.310958 -41.897846  -13.999931
1254    1.049793 -24.422457  -14.608878
1257   -8.815678 -10.567165  -14.366106
1260   -3.474293 -17.849323  -14.270445
1263  -14.783601 -29.810217  -15.009890
1266  -10.949936 -17.400635  -12.235970
1269  -12.291801 -13.042138  -14.428582
1272    0.391344 -55.167786  -12.641447
1275   -8.145258 -12.541176  -14.452105
1278  -10.481998 -24.170952  -12.082013
1281  -13.102525 -50.885368  -15.426959
1284  -11.463473 -29.168550  -12.097727
1287   -3.075779 -52.690556  -15.198557
1290  -12.316414 -52.306362  -12.947477
1293  -11.427887 -52.413425  -15.640581
1296  -10.204182 -24.359310  -15.115759
1299   -1.242023 -17.237635  -11.979410
1302    4.028413 -39.411972  -13.397142
1305   -7.796531 -19.586279  -12.503172
1308   -3.268802 -57.797821  -13.080568
1311  -15.065237 -37.264744  -13.877169
1314  -15.372578 -31.199482  -13.530355
1317    4.019760 -35.243809  -12.660109
1320   -8.660488  -9.807324  -12.103921
1323   -1.164764 -21.828222  -12.258795
1326   -3.205784 -10.872054  -14.274269
1329   -1.909826 -50.216206  -15.239664
1332   -1.054129 -37.987175  -12.135348
1335   -3.835939 -38.294430  -12.296026
1338  -11.305460 -14.872632  -12.260291
1341   -9.619411 -61.542919  -13.983739
1344   -1.053039 -35.153042  -15.381395
1347  -12.974682 -15.374673  -12.257893
1350   -5.317719 -12.990428  -12.008561
1353  -11.812840 -36.426369  -15.918471
1356    3.914824 -22.384264  -14.498234
1359   -8.169350 -57.117287  -14.830708
1362   -8.800850 -48.906120  -13.213537
1365  -10.442287 -22.676390  -14.945793
1368  -12.055727 -27.316555  -11.686255
1371   -0.018156 -35.892979  -12.054506
1374   -1.951927 -61.204910  -13.388433
1377    0.870789 -21.164907  -14.416874
1380    1.031643 -61.098213  -15.000564
1383    1.212217 -18.219618  -11.986107
1386  -14.737553 -25.139351  -14.496244
1389   -5.419555 -48.228455  -13.077533
1392   -7.320046 -49.675228  -12.916891
1395  -14.731559 -31.128874  -12.936277
1398   -3.758083 -16.226936  -14.291024
1401  -11.827334 -24.189053  -11.918339
1404   -4.945026 -50.718307  -12.924566
1407   -5.911217 -61.816368  -13.661212
1410   -1.923923 -13.728752  -11.947122
1413   -2.044242 -34.322914  -15.315957
1416  -15.393080 -30.054735  -13.534764
1419   -9.230030 -58.740993  -14.746645
1422    2.631633 -59.439278  -14.331238
1425   -4.277397 -45.883015  -13.397273
1428   -8.155373 -47.298801  -15.282835
1431   -4.986458 -45.259113  -15.346430
1434  -13.069525 -50.356335  -12.977345
1437  -13.051875 -59.100784  -13.026049
1440   -7.032755 -43.430912  -12.790998
1443    4.847519 -33.554504  -14.019112
1446   -0.463845 -47.265530  -15.457295
1449  -10.148522 -37.200840  -12.311140
1452    1.107715 -42.836311  -15.591892
1455   -9.537645 -15.656877  -12.308083
1458   -1.414621 -13.580954  -11.902180
1461    3.408712 -53.506752  -14.448112
1464   -7.823643 -61.718834  -13.600953
1467  -14.176610 -39.892429  -12.994906
1470  -14.146978 -44.194340  -13.407904
1473   -3.157489 -11.992378  -14.220957
1476  -10.431684 -12.840409  -14.544496
1479  -10.794633 -38.924160  -12.275009
1482    3.173847 -19.297920  -14.182034
1485   -3.893463 -18.371317  -12.310711
1488    1.755250 -41.151356  -15.553425
1491   -5.483848 -20.544371  -14.467636
1494   -6.750328 -22.974947  -12.494493
1497    4.175489 -33.038605  -12.723065
1500   -8.209572  -5.316700  -13.944992
1503   -2.090544 -31.004902  -12.234488
1506   -7.276273 -41.903496  -15.383965
1509   -9.055049 -10.317410  -12.132001
1512  -11.729949 -12.385551  -12.306287
1515  -12.070926 -45.329876  -12.426010
1518   -5.490625 -58.621838  -13.109093
1521    0.562246 -48.041874  -12.639586
1524   -6.049574 -40.720779  -15.524504
1527   -2.079254 -21.819017  -14.487798
1530    0.557846 -38.566074  -15.460236
1533   -3.201853 -50.840984  -12.787343
1536  -13.460906 -57.742405  -13.251677
1539  -12.425617 -27.508104  -15.728415
1542    1.659348 -12.549138  -13.848266
1545    0.014177 -15.084826  -11.903904
1548   -9.979061 -17.694729  -14.427298
1551   -4.743847 -36.126141  -12.281782
1554  -11.686274 -43.899567  -15.650345
1557   -7.111477  -7.560237  -14.241276
1560   -8.175196 -32.833488  -12.417502
1563  -15.088855 -24.942766  -12.973479
1566    3.059013 -54.558357  -13.703928
1569  -11.096313 -35.750080  -12.501612
1572    2.164785 -42.548225  -12.510379
1575   -7.964546 -23.054920  -14.740975
1578  -10.360695 -41.741585  -15.634149
1581   -7.287734 -53.599754  -15.142297
1584    1.058456 -37.449856  -11.842428
1587    3.731035 -48.218674  -14.420691
1590   -2.220864 -53.071819  -15.264132
1593   -7.604722 -56.632359  -12.870991
1596  -13.334929 -54.370937  -13.215735
1599   -6.887825 -11.640484  -14.393316
1602    4.725048 -28.605654  -13.704910
1605    3.104069 -17.903757  -14.013363
1608   -3.932094 -56.293995  -12.895014
1611    0.159647 -34.043377  -12.093515
1614   -0.974918 -43.081280  -13.054150
1617    2.828434 -26.197964  -14.745080
1620   -2.313845 -37.526585  -12.201972
1623  -15.365524 -22.671696  -13.102962
1626   -3.951162 -31.323898  -12.319302
1629    2.611817 -13.853664  -13.737390
1632    2.571833 -32.878460  -15.265495
1635   -6.008919 -50.370136  -12.972726
1638   -7.822174 -44.806301  -13.057648
1641   -4.318790  -8.103063  -12.066450
1644   -5.190030 -13.389924  -14.251793
1647   -1.806547 -32.979641  -12.261831
1650   -7.754306 -17.463390  -14.494771
1653   -6.623013 -18.677807  -12.412474
1656   -9.054046 -18.525360  -14.649267
1659  -14.965273 -31.846800  -14.630538
1662    1.389946 -26.133266  -11.585101
1665    3.127827 -35.894024  -11.980554
1668   -3.287038 -13.704958  -14.047204
1671   -1.354576 -62.160000  -14.341132
1674   -2.231256 -26.899305  -12.108673
1677   -5.867537 -52.254627  -15.198768
1680   -6.775489  -4.979601  -12.675529
1683   -3.186871 -15.062066  -14.076872
1686    3.685880 -40.756611  -12.868927
1689    2.161794 -43.969234  -15.796306
1692   -7.529433 -32.563637  -15.495120
1695  -10.441749 -19.140291  -14.762627
1698  -12.736265 -58.839916  -12.785279
1701   -0.404982 -38.998459  -12.114790
1704   -2.711784 -20.202820  -12.543964
1707   -6.319534 -11.178127  -14.301056
1710   -0.709570 -34.796387  -12.169129
1713   -9.058973 -59.859882  -13.046934
1716   -0.188351 -19.448420  -14.209976
1719   -6.833412 -40.636288  -12.419832
1722  -12.697090 -54.186268  -15.333648
1725   -3.974945 -28.902090  -12.054074
1728    2.680447 -20.561861  -14.422899
1731   -6.497530 -11.543690  -11.996777
1734   -8.870638 -42.957901  -15.379593
1737    0.094179 -41.480717  -12.375969
1740   -0.181227 -31.851183  -12.130311
1743  -14.044885 -27.067173  -12.087406
1746    0.478445 -36.277290  -15.435684
1749   -0.351175 -19.522034  -12.194737
1752  -10.753178 -51.628281  -15.524326
1755   -7.570374 -50.879192  -15.262099
1758    4.469779 -38.676464  -14.097361
1761    3.661227 -27.618683  -14.762100
1764   -8.778664 -13.064010  -12.137931
1767    0.541928 -28.000277  -15.019809
1770  -12.575541 -14.609119  -14.389624
1773   -4.217560 -58.524734  -14.795037
1776  -11.940802 -16.273268  -14.458927
1779    2.467514 -60.023861  -14.477706
1782   -8.081159 -11.806014  -12.036407
1785  -14.586832 -40.007412  -13.348208
1788    3.021493 -49.425766  -15.126183
1791   -2.196655 -23.077477  -14.481956
1794   -5.560089  -0.429188  -13.080953
1797    3.285793 -49.330017  -13.338511
1800  -10.871735 -11.335851  -12.341928
1803   -7.169685 -37.922260  -15.277517
1806  -11.353353 -56.457413  -12.515682
1809   -6.694073  -9.860466  -14.248924
1812    2.750648 -40.243427  -12.120372
1815    0.717888 -24.343842  -11.790032
1818  -10.742697 -32.194054  -15.981983
1821  -14.021400 -49.197342  -13.351143
1824   -6.107574 -22.261066  -12.508875
1827    2.675899 -30.297209  -15.185289
1830   -7.767155  -5.071423  -12.571713
1833    1.681279 -49.802254  -15.644268
1836  -14.185728 -16.340607  -12.439440
1839  -13.225685 -38.632343  -15.661671
1842  -12.034145 -61.594326  -13.431304
1845   -5.233562 -11.048070  -11.951012
1848  -13.695309 -52.520153  -13.549450
1851   -9.415170 -43.829220  -12.537406
1854   -4.235525 -36.356857  -15.408859
1857  -11.041312 -37.364025  -12.300646
1860   -2.855881 -15.849444  -11.957501
1863  -12.291598 -15.904243  -12.197961
1866   -2.766014  -9.365220  -12.098499
1869  -12.097309 -22.403128  -15.139893
1872   -6.489212 -20.827034  -12.702044
1875   -2.833404 -41.447186  -15.585483
1878   -7.764499 -27.969477  -15.102792
1881  -11.134063 -25.741259  -15.402602
1884   -1.137089 -15.945872  -14.122272
1887   -2.319649  -7.881004  -14.099278
1890   -9.583847 -25.845860  -12.175776
1893   -5.142336 -33.488445  -15.343664
1896    1.591147 -53.271275  -15.714134
1899    4.428459 -39.907017  -14.122164
1902   -1.639102 -45.083843  -15.379911
1905   -1.806394 -45.343796  -13.297061
1908    4.035855 -43.410522  -14.126419
1911   -0.542454 -10.782902  -14.129099
1914   -1.359503 -54.458042  -12.710267
1917    3.991690 -45.577713  -14.242760
1920   -3.698829 -39.949673  -12.383494
1923    3.978043 -30.470757  -14.874526
1926   -6.417456 -29.440714  -12.092312
1929   -8.520717 -41.231586  -12.409788
1932  -10.462309 -44.836735  -15.499429
1935   -3.384732 -27.022129  -14.881823
1938   -5.642472 -47.049377  -15.259949
1941  -10.872334 -32.947777  -12.289084
1944   -2.485584 -38.861542  -15.342833
1947    0.916960 -38.657787  -11.926199
1950    1.434796 -36.505127  -15.475643
1953   -6.717809 -44.167057  -15.313365
1956    2.514408 -19.613523  -11.906849
1959    0.709835 -57.607773  -15.484936
1962   -7.515495  -7.806995  -12.256951
1965  -12.773685 -44.014297  -12.414157
1968  -13.542933 -45.246494  -12.911215
1971   -3.443920  -8.382347  -14.145844
1974   -5.849533 -16.476194  -14.404309
1977   -2.224712  -4.666054  -12.724515
1980   -1.171808 -44.718430  -13.263103
1983   -8.105360 -36.386555  -15.449520
1986   -3.649767 -48.425117  -12.896418
1989  -12.567348 -37.398689  -15.863256
1992  -12.850430 -61.661114  -13.004951
1995  -13.004235 -46.573181  -15.564440
1998  -13.249094 -52.566212  -13.300653
2001   -9.526009 -31.268137  -15.686712
2004   -8.910873 -35.378658  -15.535861
2007  -10.507847 -10.168734  -12.350954
2010    4.128010 -29.482883  -14.577070
2013    1.711805 -34.874680  -15.362095
2016   -6.590157  -9.973901  -12.002115
2019   -9.545372  -8.547737  -12.264712
2022  -11.548218 -58.662327  -14.895036
2025   -4.650015 -29.046801  -12.071295
2028  -10.885643 -11.182976  -14.481136
2031  -13.948865 -50.576420  -13.344608
2034   -1.839994 -22.622818  -12.271575
2037  -12.277162 -48.253456  -15.622573
2040  -13.520926 -30.210644  -12.163110
2043   -0.329274 -56.252323  -15.458475
2046   -9.241959 -42.472218  -12.441835
2049    2.648022 -53.831173  -15.249516
2052   -4.401875  -5.072781  -14.039475
2055    2.316632 -61.785721  -14.762607
2058   -6.845411 -44.898682  -13.221838
2061    0.035099 -22.747658  -12.056509
2064   -5.682129  -4.197241  -12.856467
2067   -5.103597 -35.101948  -15.385267
2070  -12.037499 -18.995737  -12.164970
2073  -11.975401 -35.710342  -12.512557
2076  -11.507289 -11.781086  -14.403894
2079   -0.767759 -49.778145  -12.648118
2082   -4.404175 -11.076675  -14.187385
2085    1.070869 -29.204525  -11.801304
2088    3.604789 -51.076477  -14.319016
2091   -3.719044  -1.329197  -12.894542
2094    3.886580 -25.682444  -14.597545
2097   -7.283838 -25.343067  -12.426447
2100  -12.363158 -18.144306  -12.142681
2103   -7.266943 -10.245848  -12.027575
2106  -14.424021 -29.210459  -12.678258
2109    1.936749 -61.549671  -14.983151
2112   -6.517250 -14.658319  -12.086810
2115    2.708340 -18.977680  -14.147592
2118   -0.591674 -37.829075  -15.390656
2121    2.147137 -36.391411  -11.746152
2124    2.270380 -46.886868  -12.766160
2127   -2.345550 -37.641865  -15.353075
2130   -5.927984 -18.473583  -12.352665
2133    1.677447 -57.138039  -15.295417
2136   -5.661098 -18.540657  -14.409178
2139   -3.999371 -15.152034  -12.020775
2142    1.818546 -62.903591  -14.654675
2145   -3.380849 -32.367699  -15.295908
2148  -14.641545 -17.574640  -12.497528
2151    2.649038 -41.660423  -15.640032
2154  -14.314590 -37.619667  -14.934674
2157  -13.230906 -55.565956  -13.252496
2160   -9.555940 -20.035402  -12.388504
2163   -3.592972 -60.091213  -13.259268
2166   -2.516357 -14.786602  -13.994412
2169   -4.862495 -61.975945  -14.052025
2172   -4.433086 -28.729368  -15.071039
2175  -13.913540 -42.012115  -15.277318
2178    1.198812 -45.711987  -15.700005
2181   -1.441536  -5.840858  -12.618974
2184    3.343309 -36.970245  -15.280910
2187    4.050531 -42.726570  -14.323324
2190   -0.315086 -29.118326  -15.099643
2193   -2.858284 -60.898808  -14.597487
2196  -11.702059 -39.174015  -15.740520
2199  -11.460879 -45.628590  -15.614849
2202  -12.178822 -60.803276  -13.785603
2205   -0.432861 -45.975655  -13.121689
2208   -0.068016 -23.783125  -14.530211
2211    3.435036 -33.789013  -15.213871
2214  -13.788213 -26.189800  -15.229648
2217   -6.533973 -31.878962  -15.397474
2220   -9.769955 -26.590580  -15.298617
2223   -1.807355 -40.314003  -15.499075
2226   -5.446392 -15.727728  -14.232022
2229    2.090160 -44.699905  -12.997197
2232   -1.585390 -20.096468  -12.412397
2235   -5.929781 -41.405876  -15.461285
2238   -6.004907 -37.193233  -15.267840
2241  -10.900909 -28.109308  -15.732217
2244    2.700703 -14.825999  -13.863341
2247   -2.448640 -16.327177  -14.189253
2250   -7.522129 -10.313553  -14.311629
2253   -3.231787 -33.442089  -12.336849
2256    4.739468 -35.376694  -14.001369
2259   -8.363101 -43.373524  -12.570539
2262  -11.739417 -60.113716  -14.271750
2265   -2.699093  -8.565085  -12.212426
2268  -13.634743 -20.202217  -14.802180
2271   -9.990774 -30.262499  -12.114417
2274   -9.775023 -15.324850  -14.377617
2277  -13.188433 -38.692444  -12.223617
2280   -0.926601 -32.212784  -15.209915
2283   -1.569619 -32.345928  -15.244423
2286   -5.655293  -7.511425  -12.243909
2289    3.698281 -46.161606  -14.627971
2292   -6.925046 -30.214310  -15.287174
2295   -2.953934 -43.829628  -13.223976
2298  -15.078396 -23.676510  -12.878082
2301   -1.025303 -45.991531  -13.180765
2304   -8.412886 -14.396524  -12.158316
2307   -6.602785 -39.474888  -12.352019
2310   -1.715570 -51.539047  -12.609325
2313  -12.514893 -40.227604  -12.234159
2316   -1.240303 -27.667112  -14.991215
2319   -4.898575  -6.493790  -12.342373
2322    3.304141 -44.468525  -15.241607
2325    0.896065 -15.732800  -14.046528
2328   -1.339537 -41.839931  -12.645113
2331  -10.830015 -38.079144  -15.637467
2334  -12.791170 -59.886501  -12.936894
2337   -8.549723 -38.322704  -15.425274
2340   -5.597796 -35.905346  -15.439171
2343   -4.356726 -31.937309  -15.301487
2346   -5.381790 -61.787186  -14.013077
2349   -6.596439  -8.997723  -14.313484
2352  -10.416784 -21.803324  -12.469200
2355   -3.516647 -16.685360  -12.098319
2358   -4.353777 -41.498756  -15.512341
2361   -3.456177  -8.477518  -12.189120
2364   -2.814604 -18.811878  -12.295230
2367   -8.343840 -59.575699  -14.547328
2370    2.220837 -16.111427  -13.997704
2373   -0.592068 -62.159206  -14.455287
2376   -2.260629 -48.893978  -12.790548
2379  -11.380337 -10.525980  -12.479916
2382  -10.042812 -12.575470  -12.213780
2385   -4.362801 -22.674137  -12.450769
2388    0.337547 -59.616402  -13.042351
2391   -1.029660 -14.222395  -13.872672
2394    3.939308 -26.436180  -12.366578
2397    1.289537 -31.477499  -12.000967
2400   -3.507843  -4.515453  -13.945690
2403    0.007835 -49.173313  -15.440254
2406   -5.639312 -23.577576  -12.482032
2409   -6.322551 -13.922982  -14.246899
2412  -13.546636 -22.252563  -12.153145
2415   -9.446339 -23.930231  -12.254356
2418    1.150375 -19.609409  -14.203290
2421    3.943615 -46.485626  -14.347124
2424   -2.973066 -11.950675  -11.828091
2427  -10.911214 -13.092905  -12.260180
2430   -5.168846 -55.976093  -14.903045
2433   -7.138895 -31.665081  -12.312403
2436    1.917724 -51.635788  -15.572479
2439  -11.310570 -24.150227  -15.271559
2442   -7.233391 -58.439358  -14.468554
2445    3.086279 -56.407589  -14.354657
2448   -3.103228 -27.351147  -12.155588
2451    0.147416 -12.692421  -13.997999
2454  -11.932975 -54.414482  -12.558683
2457    0.681494 -43.700985  -13.085141
2460   -0.020433 -40.267380  -12.178903
2463   -4.078056 -36.151581  -12.261589
2466   -8.362991 -50.935722  -15.291634
2469   -4.964828 -40.471367  -15.532282
2472   -9.508396 -55.876549  -15.170275
2475   -0.932033  -9.263155  -12.155365
2478    2.686117 -47.577168  -15.430481
2481   -4.585602 -59.590607  -13.193049
2484   -8.889885 -11.643120  -12.177662
2487   -6.718116 -19.539928  -14.486053
2490   -4.487850 -14.710449  -14.105368
2493    0.576763 -25.654160  -14.840270
2496   -0.109381 -29.644995  -11.945332
2499   -5.544487 -27.329109  -12.305528
2502  -13.094168 -16.602367  -12.169577
2505    0.451395 -22.006256  -12.052033
2508    3.542966 -52.220814  -14.481022
2511   -6.876171  -7.132746  -12.435556
2514   -2.988903 -28.672577  -15.093984
2517   -8.612963 -27.088875  -15.111422
2520    0.817108 -43.482063  -15.618780
2523   -6.607102 -12.308361  -14.391710
2526   -5.822655 -59.324230  -14.354059
2529   -7.497821 -22.492241  -14.673830
2532   -4.728817 -41.760082  -12.587399
2535  -12.468663 -29.151276  -11.943037
2538   -9.257915  -6.681986  -12.434884
2541   -8.211685 -41.251385  -15.475874
2544    2.711731 -62.225937  -14.411027
2547    4.558289 -37.478916  -13.876472
2550    1.495697 -15.419051  -11.936092
2553  -10.152427 -34.553284  -15.620857
2556  -15.089740 -35.820343  -13.318146
2559   -6.690872  -6.497497  -14.188345
2562   -4.410105 -50.249695  -15.154757
2565   -5.948416 -29.925171  -15.207788
2568   -8.162394 -34.830322  -15.509600
2571  -13.177942 -29.013367  -15.829416
2574   -5.112842 -44.415909  -13.268314
2577   -8.798426 -25.046518  -15.010672
2580   -5.487490 -32.126450  -12.391218
2583   -0.688538 -10.743629  -12.050174
2586    1.473656 -21.986347  -11.839646
2589  -10.615770 -42.951836  -15.545568
2592   -4.089581 -18.172787  -14.302775
2595   -6.939396 -16.158978  -14.311787
2598  -13.801118 -53.948921  -13.426790
2601  -12.712398 -24.872225  -15.434832
2604   -9.979418 -29.287922  -15.722765
2607   -5.387684 -12.284142  -14.309531
2610   -0.789785 -51.636055  -15.365592
2613   -1.441181 -29.893951  -15.144894
2616  -10.125447 -40.163055  -15.670031
2619   -5.300409 -53.397335  -12.643466
2622   -8.225322  -7.052329  -12.353652
2625   -6.673509 -57.956829  -13.013749
2628  -11.467701 -56.596848  -15.182716
2631   -8.677004 -13.944798  -14.388632
2634  -13.041018 -17.447426  -14.487217
2637  -11.008915 -31.018692  -12.133323
2640  -12.378469 -37.147106  -12.293995
2643   -8.324619  -9.840656  -14.291081
2646    1.034519 -16.750063  -11.975892
2649  -13.483261 -15.912892  -14.359844
2652    1.655296 -19.972351  -14.259958
2655  -14.582114 -20.243887  -12.656457
2658    3.664145 -23.813530  -14.591590
2661   -0.467388 -44.866364  -15.502716
2664   -6.309920 -42.108223  -15.366762
2667   -5.314198 -43.114445  -12.914003
2670   -1.109127 -36.285305  -12.103369
2673  -12.248786 -31.297935  -12.167830
2676   -8.740459 -15.368231  -14.357458
2679   -2.244289 -36.295242  -15.397888
2682   -8.985603  -6.102486  -12.517104
2685    1.962845 -17.045904  -14.024714
2688   -0.592485 -58.345310  -13.046107
2691  -11.362100 -20.834745  -12.343176
2694  -10.640092 -42.210899  -12.352621
2697  -14.819704 -22.144762  -12.685871
2700  -10.582550 -58.970036  -14.772893
2703   -1.549234 -29.407352  -11.971277
2706   -3.029202 -20.136135  -14.336518
2709    1.408620 -58.990341  -15.176699
2712  -12.741149 -13.990653  -12.379580
2715   -2.069959 -30.510168  -15.115223
2718    3.762753 -42.147491  -14.952518
2721  -12.215974 -38.829830  -12.201001
2724   -6.877306 -55.408318  -12.768438
2727   -2.812559 -55.628616  -12.808595
2730  -12.742100 -40.102470  -15.884151
2733    0.008423 -11.888865  -11.997736
2736  -10.691028 -54.920696  -12.529491
2739   -8.612994  -8.143322  -12.203382
2742    3.222763 -54.911472  -14.514515
2745  -14.182261 -39.127178  -14.874260
2748    1.921356 -48.496075  -12.535723
2751   -6.237106  -2.452719  -12.991296
2754  -14.333245 -32.189865  -12.596173
2757  -12.402535 -55.706211  -12.674538
2760  -13.064948 -32.851398  -12.133842
2763    3.259602 -51.012760  -14.746403
2766   -1.936550 -11.477839  -14.217043
2769   -8.325189 -17.809261  -12.270874
2772   -3.223770 -21.658016  -12.462857
2775   -9.252731 -18.612370  -12.386522
2778   -0.451469  -7.588670  -12.453531
2781   -6.042622 -47.709023  -13.242999
2784  -11.523067 -42.386833  -15.713872
2787   -6.461811  -1.000326  -13.122214
2790    0.293499 -39.235714  -15.434708
2793   -5.630116  -6.597100  -12.402800
2796   -3.546917 -24.606329  -14.737792
2799    2.107307 -62.901562  -14.554790
2802   -6.562507 -59.974438  -13.145197
2805    1.806972 -40.275646  -15.546516
2808    0.134920 -22.289574  -14.476860
2811   -3.233330 -25.266188  -12.294661
2814    0.289870 -42.086964  -15.519103
2817    0.919529 -40.580170  -12.069474
2820    3.639164 -48.312717  -13.552402
2823   -7.069836 -18.040354  -14.566325
2826    3.552393 -27.812302  -12.224690
2829   -4.795839 -25.114584  -12.413706
2832    3.643589 -43.724342  -13.029102
2835    2.790878 -42.985294  -15.684425
2838   -9.152460 -28.359297  -12.215754
2841    1.914543 -25.072987  -14.660727
2844    3.415968 -47.601997  -14.838235
2847   -3.849884 -23.141491  -14.534116
2850  -15.016495 -20.920082  -12.830672
2853    1.549465 -19.921139  -11.968682
2856   -9.289504 -16.898890  -14.390085
2859   -2.248451 -28.146589  -15.029738
2862    0.482988 -57.426697  -12.882711
2865    0.394059 -34.413712  -15.312718
2868  -12.299807 -20.847511  -12.230838
2871   -9.497890 -50.353695  -12.948552
2874  -10.741714 -19.382940  -12.270205
2877  -10.247456 -60.545181  -14.447007
2880    4.335422 -40.833126  -14.002956
2883    3.943633 -36.568916  -14.751610
2886   -8.199775 -23.789024  -12.389328
2889   -3.949151 -11.712103  -14.297869
2892  -12.709717 -10.850227  -12.588548
2895  -14.522228 -21.754951  -14.460188
2898   -2.253141 -53.112946  -12.597548
2901   -8.699976 -52.862289  -15.267126
2904   -6.823455  -8.361434  -12.092172
2907   -9.908609 -36.570866  -15.540182
2910   -2.375008 -10.407805  -11.894481
2913   -2.380135 -19.460070  -14.274463
2916   -0.694897 -25.839582  -14.883533
2919   -2.369957 -29.269156  -11.992146
2922    2.263266 -38.711147  -15.653689
2925    2.000950 -62.571621  -14.792398
2928   -0.910799 -60.114147  -13.190970
2931  -10.157532  -8.992874  -14.142759
2934   -6.173782 -35.626686  -12.329373
2937   -5.274244 -61.269321  -13.326397
2940    1.436174 -53.281212  -12.393793
2943   -9.647598 -21.831627  -12.515999
2946   -0.866234  -8.546696  -13.986602
2949    2.008980 -43.650009  -12.915215
2952    0.822769 -42.147430  -12.576432
2955    4.235174 -31.100330  -12.725816
2958   -6.388117 -37.637371  -12.320362
2961  -10.097673 -44.604420  -12.571372
2964   -7.007358 -61.069599  -14.321711
2967   -1.162792 -40.385017  -12.298650
2970    1.711462 -29.220463  -15.095582
2973   -4.300659 -42.853313  -12.913456
2976   -6.769054  -2.134310  -12.980488
2979  -11.853210 -17.361418  -14.452895
2982    1.118582 -23.665821  -11.778985
2985  -13.412479 -12.689199  -12.637405
2988   -8.161095 -61.036438  -14.345415
2991   -2.582163 -12.527487  -14.097000
2994   -5.343338  -2.826469  -13.984083
2997    4.177122 -40.645546  -14.500317
3000    1.905720 -23.021500  -14.585214
3003  -14.433383 -42.667694  -13.335901
3006    4.151499 -23.941673  -12.403512
3009   -9.116844 -51.176731  -15.339314
3012    0.921934 -33.884792  -12.037075
3015   -6.090839  -4.730507  -13.996423
3018    0.453083 -61.011768  -13.300243
3021   -5.203121 -16.408337  -12.196804
3024  -12.257724 -10.025370  -12.664861
3027   -9.874541 -10.316589  -14.371137
3030   -3.814602  -5.634781  -12.498055
3033    0.111855 -14.183192  -13.886832
3036  -13.630645 -56.045853  -13.437054
3039   -1.817537 -25.184217  -12.150835
3042  -12.943601 -57.090702  -12.828400
DATA_COMPLETE
