variable listc
3033
variable vLength
0
   0  -12.294338 -13.668428   -5.759661
   3  -22.600794 -41.435211   -4.757742
   6  -18.841961 -65.079407   -4.303873
   9   -3.200418 -65.321899   -4.161115
  12   -0.290361 -40.586437   -5.008701
  15  -11.809351 -20.701073   -4.647954
  18  -11.566825 -40.950195   -3.629434
  21  -10.839312 -63.381889   -4.383568
  24  -11.580217 -22.277363   -7.332049
  27  -10.982664 -43.375259   -7.045475
  30  -10.789840 -63.745644   -5.460752
  33   -1.670361 -33.171368   -4.681419
  36   -7.750375 -37.195152   -3.845624
  39  -15.276119 -37.822777   -7.169081
  42  -21.224142 -50.574261   -5.379285
  45   -8.290731 -57.107075   -6.476035
  48   -5.080245 -34.904644   -7.748052
  51   -4.271077 -54.877949   -3.583382
  54   -1.765689 -39.100147   -4.306689
  57  -13.178055 -52.643330   -6.653563
  60  -13.823241 -60.557888   -5.905862
  63  -16.406315 -60.100601   -6.515011
  66   -2.359195 -41.026321   -6.958661
  69  -11.098434 -15.307461   -6.681365
  72   -6.262818 -45.559788   -3.526197
  75  -17.823687 -62.193150   -5.802091
  78   -2.624085 -65.602676   -4.925511
  81  -10.105390 -47.364727   -6.947392
  84  -20.083658 -37.161121   -3.717718
  87   -3.316378 -34.555462   -7.342736
  90  -17.807920 -63.468739   -5.402516
  93  -11.094439 -60.996845   -3.986900
  96  -20.386036 -54.534950   -5.694786
  99   -2.008144 -30.554049   -6.641285
 102  -18.226055 -60.190716   -3.533208
 105  -15.164345 -47.369911   -3.321540
 108  -15.604101 -35.828842   -3.152888
 111   -1.822836 -34.370647   -4.355742
 114  -12.910979 -63.126366   -4.139897
 117  -16.496107 -32.113544   -3.265115
 120  -10.927264 -20.273581   -4.708756
 123  -11.685726 -61.339104   -5.411965
 126  -15.833447 -49.096115   -6.998294
 129  -14.392790 -49.160896   -6.921922
 132  -22.473524 -37.710506   -4.835848
 135  -11.877477 -20.200113   -7.144906
 138  -12.708303 -43.841682   -3.564776
 141  -14.511081 -35.215809   -3.383015
 144   -9.903125 -32.940281   -7.505999
 147   -3.485548 -32.946377   -7.209798
 150    0.002193 -38.377316   -5.828982
 153   -7.328361 -18.225920   -5.011095
 156  -14.642261 -20.640902   -4.539506
 159  -12.815698 -62.656113   -5.699054
 162   -2.968737 -62.718349   -4.221139
 165  -21.788773 -39.941513   -4.367867
 168   -1.840587 -44.672813   -6.466923
 171  -19.538364 -38.802254   -3.496216
 174   -8.693426 -23.738022   -4.526475
 177   -9.628623 -52.429165   -6.705892
 180  -11.615074 -24.383812   -4.401527
 183  -20.059399 -25.744410   -5.474608
 186  -17.478909 -49.099056   -3.155990
 189  -17.165709 -28.234940   -3.474085
 192  -18.811779 -64.141647   -4.199121
 195   -8.002884 -51.631294   -6.866672
 198   -8.774174 -49.675556   -3.494590
 201   -2.323712 -26.036057   -6.081451
 204   -7.127064 -63.201023   -4.209524
 207   -3.889217 -42.005424   -3.551310
 210   -1.111644 -47.143574   -4.482779
 213  -17.445198 -29.512068   -3.541219
 216   -2.916434 -50.761784   -3.912245
 219  -12.796636 -29.284828   -3.925851
 222  -17.731218 -27.680527   -7.065524
 225  -14.169776 -63.059093   -5.642501
 228   -1.701850 -55.916813   -4.315294
 231  -15.492898 -28.165354   -3.598786
 234  -15.736524 -21.169018   -4.601359
 237  -15.306577 -47.556900   -6.975993
 240  -18.080353 -36.962158   -7.379445
 243  -17.638142 -19.820906   -6.252718
 246  -13.694166 -22.935270   -4.183414
 249   -7.097548 -23.831924   -4.499435
 252  -19.296553 -33.227772   -3.960903
 255  -16.443138 -29.093933   -7.264526
 258   -0.098897 -36.218971   -5.562227
 261  -12.527836 -45.257576   -3.549194
 264   -6.895120 -56.146622   -6.709812
 267   -4.161392 -31.670387   -4.217411
 270   -8.017297 -56.043465   -3.849214
 273  -15.686223 -32.032932   -7.344957
 276   -6.384014 -25.910879   -4.446855
 279  -20.775513 -32.237400   -6.394192
 282  -16.269791 -33.416031   -7.281780
 285   -8.110884 -29.425119   -4.246325
 288  -13.194736 -35.673172   -3.587852
 291  -15.923723 -21.409004   -6.829344
 294   -6.462047 -40.521843   -7.155745
 297  -20.144991 -35.131081   -6.864160
 300  -17.131866 -46.622066   -3.241097
 303  -19.039146 -26.544779   -6.602370
 306   -2.630639 -50.432415   -6.323327
 309  -15.255742 -59.331322   -3.564751
 312   -6.216654 -64.198624   -5.165516
 315  -16.255058 -49.062855   -3.170340
 318   -8.263638 -57.514603   -3.895914
 321  -19.644480 -40.579559   -7.154976
 324   -8.873071 -35.950417   -3.937659
 327  -14.586433 -17.576345   -5.383194
 330  -16.467129 -56.705471   -3.183809
 333   -9.430412 -56.261330   -3.792923
 336  -16.216484 -51.678345   -3.030863
 339   -8.809074 -26.381731   -4.400807
 342   -6.969405 -48.818230   -7.052497
 345  -15.305195 -43.793072   -3.351709
 348   -7.966526 -39.451363   -7.118954
 351  -16.131386 -41.035744   -3.196228
 354  -15.110620 -61.235893   -6.321459
 357   -8.521276 -55.721127   -6.574944
 360  -17.189720 -38.229813   -3.108822
 363  -14.429061 -40.686485   -3.314808
 366  -11.630824 -22.171568   -7.328773
 369  -12.558651 -50.388348   -3.435599
 372  -15.432492 -45.077179   -3.369583
 375  -16.508926 -30.658781   -3.359760
 378   -6.866292 -58.579460   -3.863523
 381  -15.538400 -41.622021   -7.233042
 384  -10.179032 -49.312515   -3.475799
 387  -20.632528 -50.474945   -3.955000
 390   -4.975352 -51.315582   -7.077941
 393   -7.508241 -16.339537   -6.008251
 396   -9.903576 -49.289688   -6.875176
 399  -20.952574 -54.926388   -4.592746
 402  -22.155169 -35.370937   -4.560956
 405   -5.487027 -56.057720   -3.780607
 408   -7.959857 -31.306822   -4.183194
 411  -20.380640 -29.338703   -6.217191
 414   -3.068313 -32.209099   -4.370424
 417   -3.512036 -22.011644   -5.520258
 420   -8.327841 -60.520050   -5.989728
 423   -8.355001 -50.064754   -6.872247
 426  -16.825077 -33.478657   -3.236901
 429   -6.758081 -30.271873   -4.242764
 432  -15.643897 -55.351089   -3.059851
 435  -17.452635 -22.702288   -6.658846
 438   -9.207214 -37.061680   -3.863280
 441  -10.939267 -31.090338   -7.496645
 444  -11.146112 -64.035431   -5.042056
 447  -19.469290 -56.264526   -6.220951
 450  -20.891605 -34.009857   -4.395838
 453  -14.814591 -42.699902   -7.136325
 456   -1.486678 -47.944412   -6.032480
 459   -0.386465 -44.644264   -5.787359
 462   -7.837399 -46.649727   -3.531956
 465   -5.995634 -36.863224   -7.436007
 468  -20.796021 -41.497223   -6.690803
 471   -0.143501 -39.505798   -5.646763
 474   -8.704908 -39.971260   -3.705678
 477   -5.909117 -24.652168   -4.446055
 480   -4.161182 -37.531578   -3.663484
 483   -4.365544 -20.930817   -5.309909
 486  -14.751358 -36.579357   -7.226084
 489   -2.403423 -46.203808   -3.907390
 492  -10.069771 -34.752831   -3.965577
 495   -3.139837 -26.278070   -4.958101
 498  -20.919067 -47.037342   -4.117819
 501   -6.042987 -30.174608   -7.671484
 504   -4.785000 -21.317430   -6.328116
 507   -9.481819 -27.488773   -7.625732
 510  -11.852134 -55.174999   -6.423863
 513  -19.788574 -47.656193   -6.762059
 516   -5.391212 -49.952744   -3.463717
 519   -8.434149 -22.255367   -4.578822
 522  -10.258842 -43.733223   -3.649634
 525  -20.340908 -42.894432   -3.867770
 528   -1.965092 -60.526379   -4.542259
 531   -9.700529 -21.586691   -4.640093
 534  -18.608986 -52.139271   -6.953863
 537  -11.589084 -29.276001   -7.356593
 540  -18.691521 -63.942070   -5.098117
 543   -9.444870 -33.389626   -4.032773
 546   -6.048722 -44.170979   -7.227757
 549  -15.536765 -59.054230   -6.365346
 552  -19.219881 -58.902229   -5.961071
 555  -11.310907 -44.656506   -3.587337
 558   -7.988257 -32.891285   -4.067521
 561   -4.351437 -50.637455   -3.592411
 564  -19.243408 -59.271133   -3.831595
 567  -14.138319 -55.554619   -3.295144
 570  -15.107141 -57.819096   -6.137570
 573   -3.272158 -63.928352   -4.051433
 576  -19.075443 -51.806278   -3.439258
 579  -13.234568 -48.804562   -3.434127
 582  -12.057014 -43.826973   -7.046816
 585   -6.925795 -60.220989   -3.888200
 588  -15.194972 -32.803356   -3.343098
 591  -13.906759 -43.426697   -3.479421
 594  -16.934278 -41.747684   -7.279609
 597  -19.277220 -22.807798   -5.418004
 600   -1.576515 -58.342537   -4.697706
 603  -11.944746 -17.306774   -4.974938
 606  -14.099505 -38.237957   -3.404582
 609   -5.800095 -27.524315   -4.392181
 612  -16.273157 -25.522808   -7.161666
 615   -0.830068 -50.440781   -5.326611
 618  -14.826810 -61.408241   -3.784799
 621   -9.999895 -45.047531   -3.601510
 624   -7.490155 -21.740372   -7.116623
 627  -18.883699 -62.771881   -5.363791
 630   -4.801465 -46.135532   -3.410833
 633  -13.084986 -35.803139   -7.291374
 636  -13.978581 -31.630533   -7.391586
 639  -21.063257 -40.104740   -6.739639
 642   -7.945213 -62.710445   -5.674069
 645   -0.152615 -35.106831   -5.498681
 648  -15.087276 -48.691357   -3.306207
 651   -7.150402 -40.612144   -3.672997
 654  -11.488385 -56.897114   -3.695501
 657   -8.228129 -17.555084   -6.424989
 660   -1.313034 -40.087299   -6.454279
 663   -4.645424 -35.806862   -3.798002
 666  -20.696325 -55.734798   -5.562080
 669   -8.379815 -54.313519   -3.712833
 672  -14.907096 -51.070187   -3.164121
 675  -14.605500 -51.906235   -6.781437
 678   -5.830457 -46.044350   -7.166886
 681   -7.666786 -48.369350   -3.465822
 684  -17.414482 -41.658314   -3.099778
 687   -5.495304 -29.055275   -4.309059
 690  -17.896420 -40.424934   -7.329771
 693  -13.041793 -48.361752   -6.905749
 696  -15.223866 -55.053974   -6.415896
 699  -19.306208 -48.639893   -6.924283
 702  -13.275409 -56.861458   -3.454994
 705  -17.309666 -21.364746   -6.492930
 708  -10.158086 -22.068899   -7.339339
 711   -1.093152 -41.733738   -6.382833
 714  -18.902172 -65.309547   -4.632141
 717   -5.644335 -61.213394   -3.749181
 720  -14.610377 -56.646408   -6.032895
 723  -16.839682 -35.069363   -3.179232
 726   -4.648920 -52.090218   -3.452672
 729   -8.232896 -63.822132   -4.616742
 732   -1.097503 -45.793236   -4.412123
 735   -9.802687 -61.530884   -4.080563
 738   -1.902505 -54.395012   -4.207947
 741  -12.473433 -55.452374   -3.500728
 744  -15.166685 -52.330669   -3.129205
 747   -5.186257 -28.076719   -7.265263
 750  -20.029747 -62.578430   -4.880687
 753  -19.507011 -64.535583   -4.681890
 756   -5.412945 -58.434055   -6.666604
 759  -13.345052 -37.035122   -3.545563
 762   -7.958479 -20.814667   -4.654830
 765   -4.770483 -40.281841   -7.320676
 768  -16.127583 -60.131950   -3.675849
 771  -14.197617 -62.603378   -3.918729
 774  -21.491114 -38.145359   -6.393152
 777  -16.878021 -18.906837   -5.656432
 780  -11.238762 -39.500626   -3.646772
 783   -0.732440 -49.363491   -4.707343
 786  -17.710835 -64.422806   -5.090267
 789   -1.562673 -53.166721   -4.458871
 792  -18.781126 -61.456509   -3.826335
 795  -14.276929 -16.183708   -6.484068
 798   -8.470506 -41.706017   -3.694982
 801   -2.487326 -52.717209   -6.111041
 804  -14.551004 -46.187885   -3.429990
 807  -15.792780 -29.332424   -3.503867
 810  -11.182955 -50.412441   -3.504031
 813  -18.973618 -58.142555   -3.779214
 816   -9.873235 -56.943054   -6.317535
 819  -17.323805 -57.394009   -6.727603
 822  -12.545919 -33.649750   -3.785535
 825  -14.609958 -63.735989   -4.762660
 828   -6.916030 -57.759815   -6.588207
 831  -21.620041 -29.876312   -5.581078
 834  -13.694566 -57.845215   -5.793132
 837   -6.516634 -57.041382   -3.843329
 840  -12.577246 -16.314262   -5.125588
 843  -11.131822 -59.936081   -5.422410
 846  -15.636687 -19.712727   -5.051856
 849  -11.383834 -27.094473   -4.164115
 852   -2.180423 -49.508709   -4.068439
 855   -7.170523 -23.672853   -7.233347
 858  -10.313519 -61.453865   -5.403397
 861   -7.159500 -61.233536   -6.147729
 864  -15.678791 -34.263550   -3.194420
 867   -1.490234 -50.823368   -4.430592
 870   -5.950804 -34.139919   -3.962829
 873   -3.770324 -39.145283   -7.423099
 876   -8.455940 -34.573158   -4.014836
 879  -20.445602 -51.520206   -3.977157
 882  -15.334599 -34.644199   -7.299034
 885   -6.219107 -31.219706   -7.649107
 888   -3.599306 -49.712879   -3.758386
 891  -19.739420 -55.349472   -3.754972
 894  -15.140127 -22.229132   -4.182930
 897  -16.453480 -61.840611   -3.886420
 900  -17.834785 -31.162983   -3.644244
 903  -12.635777 -51.228825   -6.748526
 906  -12.703950 -57.856308   -3.667000
 909  -17.883259 -21.825819   -5.016997
 912  -21.494858 -34.295361   -6.135617
 915   -7.895925 -27.089933   -7.652251
 918  -15.797303 -17.396387   -6.237181
 921  -14.577168 -17.562704   -6.629937
 924  -17.284157 -58.228973   -3.335115
 927  -14.490588 -22.368605   -7.093690
 930  -15.344365 -24.000622   -7.150653
 933   -0.785340 -37.413490   -4.836034
 936  -19.597385 -49.903111   -6.601817
 939   -4.982572 -25.706942   -4.412701
 942  -19.549246 -50.636887   -3.545517
 945  -17.062611 -56.174156   -6.685130
 948   -8.920652 -21.285381   -7.187255
 951   -5.460546 -41.211452   -3.597687
 954  -13.915428 -58.997135   -5.836850
 957   -4.694873 -29.571571   -7.418500
 960  -13.008842 -41.025139   -3.489138
 963  -12.232460 -18.960377   -6.946447
 966   -9.006853 -61.907055   -5.627774
 969   -4.328572 -62.092453   -3.775569
 972  -10.765398 -39.657211   -7.046170
 975   -5.070741 -53.176010   -7.191311
 978  -21.030071 -38.406979   -4.085285
 981  -14.021352 -50.660156   -6.819468
 984   -2.221923 -44.829060   -3.899494
 987  -10.717535 -52.710728   -3.531066
 990   -6.585995 -19.796118   -5.037947
 993   -1.876779 -51.500324   -5.897965
 996   -0.858610 -29.548916   -5.747401
 999   -6.150477 -52.385967   -3.482593
1002   -0.136745 -45.818932   -5.483191
1005  -16.691170 -37.703293   -7.216395
1008   -3.757884 -28.587723   -7.092736
1011   -3.251204 -24.576298   -6.246654
1014  -10.016637 -15.421233   -5.190265
1017  -19.777864 -23.750006   -5.512900
1020  -12.631078 -25.902964   -4.169251
1023   -1.538406 -28.610704   -5.231859
1026   -3.808885 -41.205147   -7.315494
1029  -17.473276 -39.046345   -7.254553
1032   -2.806363 -53.258759   -3.875999
1035  -17.620604 -40.519794   -3.113053
1038  -12.553300 -42.328812   -3.563565
1041  -14.028982 -44.830212   -3.499675
1044   -2.119603 -49.031132   -6.131402
1047  -18.233452 -31.248470   -7.213618
1050  -22.087461 -47.197601   -4.963646
1053   -2.181728 -52.042355   -4.217043
1056   -1.638945 -43.505119   -4.149182
1059  -16.525051 -43.934330   -3.165903
1062   -8.113329 -33.425262   -7.614165
1065   -3.525233 -51.451908   -6.712834
1068   -3.347777 -37.653522   -7.410652
1071  -10.484385 -23.511669   -7.414198
1074   -0.416798 -48.202866   -4.969124
1077   -0.617120 -32.844917   -5.293253
1080  -17.294605 -24.714178   -4.448598
1083  -15.011909 -42.201900   -3.306810
1086  -13.846506 -27.575569   -3.866341
1089   -9.628008 -18.008049   -4.863656
1092   -0.106354 -42.109661   -5.250013
1095  -12.705850 -61.010521   -5.598358
1098  -21.117887 -35.847454   -6.236338
1101  -17.733860 -32.888912   -7.232500
1104   -5.496527 -32.543854   -7.564641
1107  -20.430624 -38.920975   -7.024969
1110  -16.289309 -47.803646   -3.220613
1113  -16.085220 -50.477226   -3.117584
1116   -3.466438 -59.629742   -3.770758
1119   -6.013463 -21.045366   -4.875310
1122  -20.467575 -36.902767   -6.797551
1125  -14.473395 -57.892601   -3.418329
1128   -9.962923 -40.660675   -3.686092
1131   -8.448560 -48.422966   -6.960566
1134   -6.936253 -22.342798   -4.552396
1137   -9.146674 -47.973572   -3.501156
1140   -4.545660 -42.962250   -7.274114
1143   -2.991342 -27.161644   -6.569202
1146  -16.065765 -27.221651   -7.216565
1149  -12.799921 -45.320656   -7.002851
1152  -12.312696 -39.952736   -3.507811
1155  -19.379248 -26.634674   -4.939025
1158   -2.181653 -33.675293   -6.847985
1161   -8.228819 -17.542959   -5.100783
1164  -20.859039 -57.152096   -5.002325
1167   -4.026466 -59.346939   -6.279576
1170  -17.611128 -54.041088   -6.835912
1173   -8.667544 -46.550339   -6.977556
1176   -7.855512 -25.245390   -4.500981
1179  -16.280178 -42.487339   -3.148906
1182   -1.266043 -36.116760   -6.494854
1185   -4.623615 -23.707767   -6.614621
1188  -17.036356 -52.845459   -6.933889
1191  -13.905832 -16.381330   -5.468803
1194  -13.546791 -19.919960   -6.938172
1197   -3.120176 -22.904703   -5.969515
1200  -15.122890 -16.354174   -5.888483
1203   -5.267573 -23.533211   -4.523315
1206  -21.105886 -45.091637   -6.092253
1209   -4.023632 -53.338139   -3.500681
1212   -5.715623 -39.747234   -3.641488
1215   -8.338451 -19.146036   -4.816555
1218   -8.605839 -59.054539   -3.924448
1221   -5.929922 -36.734589   -3.820709
1224   -4.876244 -19.807917   -5.604420
1227  -16.026527 -37.144241   -3.170062
1230  -17.247314 -59.435894   -3.381262
1233  -18.176497 -46.813721   -3.304531
1236  -15.465299 -30.547489   -7.383895
1239   -9.298580 -32.024475   -4.101427
1242  -13.545907 -59.070999   -3.686411
1245  -13.896140 -47.610115   -6.917693
1248   -1.020177 -41.086540   -4.574971
1251   -5.600512 -47.767536   -7.187851
1254  -20.197462 -46.410431   -6.597679
1257  -11.119480 -28.667114   -4.094045
1260  -16.299320 -40.371189   -7.223023
1263   -2.694493 -42.366287   -6.882782
1266  -19.500507 -56.873943   -3.915751
1269   -3.106610 -45.812584   -6.866286
1272  -19.893633 -24.856525   -6.109972
1275   -8.627544 -45.350079   -3.595241
1278   -8.820064 -25.886244   -7.479451
1281   -7.983159 -30.321573   -7.613664
1284  -20.949081 -47.938145   -6.070522
1287   -9.029562 -44.122459   -7.074513
1290  -14.372501 -53.777683   -6.605221
1293   -7.065713 -49.968227   -3.472016
1296   -6.823802 -55.373631   -3.813832
1299   -4.834522 -36.708694   -7.544738
1302  -21.799683 -49.674553   -4.685865
1305   -9.456425 -28.931782   -4.202767
1308  -13.415093 -18.787285   -4.893583
1311  -13.667295 -32.328648   -3.682548
1314   -8.282378 -60.867523   -3.987344
1317   -5.361484 -30.953588   -4.176092
1320   -9.773244 -17.670443   -6.657017
1323  -22.158646 -44.746910   -4.618261
1326  -16.459017 -44.720684   -7.225643
1329   -1.737162 -27.326183   -5.691154
1332  -21.622669 -43.655518   -4.561989
1335   -3.488018 -58.162739   -3.809780
1338  -11.946902 -53.576550   -6.580519
1341  -15.886968 -56.309044   -6.328168
1344   -9.422486 -31.199097   -7.565958
1347   -9.466011 -40.753460   -7.040572
1350   -2.000920 -35.247402   -6.810872
1353   -7.430833 -43.273949   -7.159863
1356  -15.903883 -46.385353   -3.322373
1359   -9.884922 -27.310318   -4.268197
1362  -13.913390 -42.121826   -3.420668
1365  -11.041679 -37.884529   -7.187667
1368  -12.379686 -38.238892   -3.610788
1371  -13.556143 -63.755379   -5.000253
1374  -18.670374 -28.550423   -3.859884
1377  -10.418621 -35.987160   -3.877838
1380   -0.373073 -47.026375   -5.751998
1383   -1.326094 -42.290314   -4.396516
1386   -4.336532 -56.177250   -6.686872
1389  -12.443066 -60.189892   -3.817374
1392  -15.433463 -50.464764   -6.934964
1395   -6.221336 -48.906502   -3.425456
1398  -18.595543 -46.796883   -7.182093
1401  -22.154869 -38.809677   -4.632719
1404  -19.267368 -60.135372   -5.669180
1407  -18.823336 -63.207211   -4.137196
1410  -22.104349 -43.968735   -5.609892
1413   -4.136620 -56.691444   -3.770809
1416  -17.641661 -44.534534   -7.341781
1419  -17.298393 -36.633434   -3.159736
1422  -21.237722 -53.820908   -4.853924
1425   -2.415772 -59.186497   -4.249763
1428  -11.407612 -15.840732   -5.109139
1431  -22.020304 -41.360451   -6.123785
1434  -17.789240 -29.459526   -7.244292
1437  -19.357296 -43.368622   -3.517859
1440  -17.462933 -43.010380   -3.097638
1443  -19.281885 -36.554115   -3.557774
1446   -5.553356 -56.962982   -6.751272
1449  -13.914677 -29.933256   -7.366398
1452  -19.756374 -60.358707   -4.027554
1455   -3.198691 -31.692772   -7.033213
1458   -9.172256 -15.505327   -6.496653
1461  -11.458827 -41.467022   -3.628256
1464  -14.927083 -31.149721   -3.543935
1467  -18.566376 -23.720049   -6.497097
1470  -19.386988 -28.148424   -6.613966
1473  -22.263773 -35.444569   -5.465539
1476  -18.500608 -53.156467   -3.410107
1479  -17.729767 -63.533936   -4.204250
1482   -4.173333 -33.333317   -4.028115
1485  -15.057357 -59.915215   -6.281131
1488  -16.314642 -18.142622   -6.100433
1491   -9.230268 -52.809559   -3.569948
1494  -12.136912 -26.902031   -7.392398
1497  -17.255842 -46.030254   -7.232862
1500  -12.096903 -47.016777   -6.929470
1503   -9.654095 -60.290150   -5.685771
1506  -21.562822 -50.793671   -4.508804
1509  -16.928379 -55.037533   -6.651257
1512  -19.971497 -41.481174   -3.662393
1515  -12.554229 -33.144413   -7.255506
1518  -19.175291 -39.963058   -3.366708
1521   -4.719606 -30.985012   -7.382213
1524  -12.268775 -19.853712   -4.689881
1527   -8.548419 -18.881172   -6.751562
1530   -2.358839 -41.494267   -3.939736
1533  -17.456600 -26.273321   -6.997509
1536  -19.922424 -53.989326   -3.866930
1539   -1.106484 -34.663536   -6.225634
1542   -1.470423 -36.504669   -4.543924
1545   -2.492820 -42.803658   -3.809288
1548  -21.852324 -32.464783   -5.704313
1551   -8.773202 -22.845921   -7.388540
1554  -19.101809 -62.406952   -4.076049
1557  -12.356362 -23.840534   -7.409858
1560  -17.356956 -50.343307   -3.135611
1563  -11.852578 -48.978668   -3.461834
1566   -4.420689 -60.922600   -6.366127
1569  -15.310548 -44.217190   -7.164960
1572   -5.410412 -26.317751   -7.088875
1575  -12.542875 -52.898830   -3.424356
1578  -11.777983 -34.980175   -3.825955
1581  -20.170521 -60.779053   -5.034314
1584   -0.981656 -53.278492   -5.388625
1587   -5.027318 -44.534206   -3.512843
1590   -4.194915 -27.162170   -6.840197
1593  -18.130104 -47.935951   -7.123984
1596   -5.271096 -42.880547   -3.514622
1599  -19.108383 -33.801044   -7.103603
1602  -16.869524 -23.984251   -6.947546
1605   -3.830841 -63.173561   -5.974931
1608   -3.060143 -29.175415   -4.561215
1611   -4.271916 -26.881895   -4.402963
1614  -13.883226 -26.977947   -7.171962
1617   -5.791609 -38.172230   -3.718392
1620   -9.926977 -37.112591   -7.267274
1623   -6.476765 -52.064419   -7.090789
1626  -18.017494 -56.697792   -3.393150
1629  -18.450367 -35.155972   -7.357002
1632   -1.629752 -31.311790   -4.973355
1635  -11.125424 -50.278538   -6.800567
1638   -6.561766 -62.153461   -3.848519
1641  -21.268637 -51.924549   -4.449253
1644  -10.500328 -42.942657   -7.062605
1647  -18.084255 -44.164101   -3.234568
1650  -10.650068 -62.416683   -4.176972
1653   -2.469292 -24.903784   -5.312669
1656  -21.507057 -45.974953   -4.434556
1659   -0.818360 -51.929768   -5.025911
1662  -19.846123 -57.535713   -5.957736
1665  -17.453922 -59.036034   -6.565429
1668  -10.971894 -16.839428   -6.782899
1671  -13.091894 -15.379510   -5.385391
1674   -9.047094 -63.811462   -5.245999
1677  -22.059217 -39.611729   -6.208568
1680   -9.373478 -14.229350   -5.630687
1683   -1.830443 -48.176956   -4.107513
1686   -7.270613 -39.105038   -3.712909
1689  -14.090646 -53.077045   -3.285607
1692   -7.426773 -45.253990   -7.080425
1695  -20.315847 -30.859444   -6.526675
1698   -7.759263 -28.512451   -7.713132
1701   -9.025188 -43.636494   -3.646970
1704  -18.454424 -49.516121   -7.083181
1707   -7.278285 -31.880121   -7.719749
1710  -16.828482 -64.197746   -5.177394
1713  -18.122223 -60.059929   -6.208437
1716   -8.507201 -15.001896   -5.653122
1719   -7.210177 -51.624378   -3.484061
1722  -14.673005 -39.829025   -7.103210
1725  -18.674557 -41.988529   -7.348277
1728   -1.887864 -31.944798   -6.690063
1731  -11.306193 -45.746372   -6.953501
1734   -7.082389 -34.120007   -4.019237
1737  -21.363691 -41.045078   -4.171693
1740  -19.449020 -37.692589   -7.277050
1743  -17.825712 -50.387283   -7.062791
1746  -14.080793 -46.501450   -6.972843
1749   -9.731571 -45.568897   -6.976306
1752  -12.515783 -59.630207   -5.508160
1755  -18.749325 -24.562464   -5.027523
1758   -5.313150 -32.671982   -4.036761
1761  -20.232653 -48.867336   -6.453022
1764  -18.919210 -51.048100   -6.896017
1767   -4.089252 -23.192030   -4.904969
1770  -10.433357 -29.913784   -4.121008
1773   -9.685474 -59.996876   -3.965074
1776  -19.573351 -61.974636   -5.402380
1779  -14.842823 -25.503094   -7.372256
1782  -18.518938 -49.784397   -3.348286
1785   -2.603253 -37.013714   -3.933813
1788  -18.342871 -64.973137   -4.845980
1791   -7.161784 -47.088772   -7.047583
1794   -5.111315 -38.213303   -7.395616
1797  -13.249576 -16.958759   -6.830816
1800   -3.957094 -35.919331   -7.643650
1803  -17.982149 -32.654766   -3.577688
1806  -20.372955 -33.570606   -6.683496
1809   -4.353467 -48.095875   -7.183981
1812  -10.240781 -14.432635   -6.566353
1815  -10.183643 -13.567185   -5.749522
1818  -14.125012 -41.208633   -7.171398
1821   -0.113695 -43.465931   -5.588641
1824  -10.284594 -35.613499   -7.291109
1827  -12.527766 -30.239515   -7.394947
1830  -10.465290 -53.754284   -6.589379
1833   -4.684968 -39.087463   -3.586202
1836  -13.173177 -15.572773   -6.563062
1839   -3.228932 -43.807289   -6.988624
1842  -18.059523 -34.240002   -3.449193
1845   -3.467581 -36.329254   -3.705202
1848   -2.876339 -58.611164   -5.750332
1851  -20.516676 -26.715080   -5.885777
1854  -21.216173 -28.681772   -5.719802
1857  -15.893905 -58.150913   -3.244236
1860   -5.953549 -61.151081   -6.397531
1863  -22.651981 -41.742683   -4.940802
1866  -12.495274 -27.803320   -4.012529
1869   -1.225269 -33.070496   -6.374269
1872  -12.797323 -49.803677   -6.827482
1875  -16.629200 -62.927620   -5.793483
1878  -12.208960 -21.197916   -4.544025
1881  -12.351498 -63.883503   -4.997562
1884   -5.514840 -55.047802   -6.981034
1887   -7.237898 -26.937212   -4.421891
1890   -8.592790 -38.313320   -3.761308
1893  -18.514147 -37.713043   -3.262406
1896   -5.298162 -53.298622   -3.491953
1899   -1.532140 -37.458019   -6.785663
1902  -11.285789 -52.090237   -6.685501
1905  -12.028525 -61.990566   -3.992409
1908  -20.630045 -44.378460   -3.961235
1911  -13.828639 -23.928961   -7.298737
1914  -13.613001 -50.396385   -3.350517
1917   -1.158700 -54.786488   -5.177027
1920  -11.019302 -21.933964   -4.547366
1923   -6.433569 -62.536934   -5.974246
1926  -10.441587 -16.888674   -4.945276
1929   -4.124952 -57.861782   -6.361068
1932   -5.161717 -63.423992   -5.934138
1935  -12.182415 -31.883415   -3.915045
1938  -12.251517 -14.602915   -6.498268
1941  -16.866859 -47.341480   -7.096975
1944   -3.629837 -49.523094   -6.768852
1947  -16.991369 -52.779541   -3.051323
1950  -18.734344 -61.329674   -5.782180
1953  -13.093726 -54.330730   -6.495233
1956  -13.391632 -14.398929   -6.149861
1959   -9.292990 -29.031685   -7.510186
1962   -3.137604 -61.328087   -4.098969
1965  -17.966824 -23.103975   -4.840790
1968  -11.875037 -42.263443   -7.072639
1971  -11.988472 -58.083199   -5.706800
1974  -16.707649 -50.545822   -7.030046
1977  -22.498314 -34.400547   -5.058154
1980  -20.346275 -35.586414   -3.959066
1983  -20.621943 -39.931702   -3.805259
1986  -10.035583 -42.196056   -3.681131
1989  -17.483505 -51.657238   -7.071400
1992   -6.420562 -47.205692   -3.454055
1995   -2.746126 -27.777597   -4.802611
1998   -6.692380 -19.472466   -6.666649
2001  -10.345372 -55.446392   -6.441724
2004   -2.923565 -64.083069   -5.450587
2007  -14.312158 -35.322521   -7.280841
2010   -3.014972 -60.400394   -5.735037
2013    0.239825 -40.771664   -5.406282
2016   -7.768058 -34.783100   -7.515514
2019  -13.289479 -54.261204   -3.359787
2022   -9.296709 -19.929180   -7.090140
2025  -16.360458 -57.920319   -6.568588
2028   -4.773561 -48.838638   -3.522357
2031  -10.005242 -16.125889   -6.709095
2034  -15.727980 -46.233498   -7.071431
2037  -19.032122 -47.557762   -3.424214
2040  -14.776689 -54.447407   -3.181487
2043   -9.058758 -54.213631   -6.630057
2046  -22.054699 -33.309872   -4.829106
2049  -13.739026 -38.732590   -7.130424
2052  -16.173147 -43.108768   -7.210254
2055  -10.695707 -31.554647   -4.082387
2058   -7.741903 -43.351471   -3.638671
2061  -17.851521 -45.603333   -3.291591
2064   -9.709220 -54.450462   -3.693280
2067  -20.929211 -52.897320   -4.393074
2070  -20.931326 -27.650389   -5.747713
2073  -20.058487 -47.063850   -3.725275
2076   -4.520502 -44.712639   -7.320965
2079  -15.304843 -38.312416   -3.318838
2082  -12.280190 -17.692266   -6.911853
2085  -11.385468 -13.437422   -5.875183
2088   -6.121062 -20.832914   -6.832760
2091  -15.886210 -63.806217   -5.000688
2094  -20.912645 -52.842625   -5.528112
2097  -16.123049 -54.042805   -6.678184
2100  -12.229063 -22.793690   -4.368913
2103   -7.493983 -36.446201   -7.393256
2106  -19.825888 -44.925041   -6.931583
2109  -18.335649 -20.819181   -5.983996
2112   -6.165278 -17.924332   -5.431722
2115   -3.623012 -65.437286   -4.026409
2118   -3.644244 -43.856262   -3.483792
2121   -2.382871 -64.438660   -4.716356
2124   -4.378139 -60.719833   -3.671498
2127  -11.784663 -36.591904   -7.293798
2130   -9.702157 -38.781609   -7.116739
2133   -0.619191 -44.604309   -4.768847
2136   -4.083052 -64.785294   -5.843060
2139   -3.031334 -54.493462   -3.770210
2142   -1.442683 -43.228420   -6.317401
2145   -2.961544 -55.857140   -3.812209
2148  -12.399355 -18.543276   -4.884646
2151  -20.334183 -59.420147   -4.773848
2154   -7.168541 -63.992107   -5.016304
2157   -8.424420 -51.061016   -3.513118
2160  -10.889000 -41.039856   -7.080247
2163  -11.491508 -25.290607   -7.350370
2166   -3.327101 -48.193436   -3.680473
2169  -10.312825 -23.276281   -4.489635
2172   -1.034064 -35.177731   -4.777274
2175  -18.777517 -41.199104   -3.334632
2178  -16.337839 -39.579754   -3.193798
2181   -6.030803 -39.236721   -7.248646
2184  -13.293281 -42.374973   -7.090024
2187   -4.417241 -64.075188   -3.992344
2190  -10.944577 -47.678280   -3.455869
2193  -12.607269 -13.600623   -5.905645
2196  -20.204103 -29.545525   -4.649943
2199   -3.270832 -34.796677   -3.826790
2202   -3.408120 -52.060986   -3.741874
2205  -16.382385 -23.506975   -4.274087
2208  -14.316623 -33.071320   -7.255312
2211  -11.834377 -58.943542   -3.807512
2214  -18.937347 -38.963196   -7.359450
2217   -6.383187 -43.834049   -3.586552
2220  -19.959244 -52.560104   -3.832156
2223   -1.394464 -55.996140   -5.462851
2226  -10.077715 -57.903145   -3.866958
2229   -9.471230 -19.912142   -4.758365
2232  -16.394402 -61.554134   -6.318485
2235  -20.861549 -49.275513   -4.055449
2238  -15.886764 -53.581425   -3.024066
2241  -12.465796 -31.605234   -7.442316
2244  -17.239552 -53.877369   -3.084183
2247  -11.626554 -51.668720   -3.474766
2250  -21.363670 -42.802990   -6.406929
2253  -20.561773 -55.991852   -4.462742
2256  -17.846889 -62.326149   -4.039186
2259  -15.414788 -62.846382   -4.065660
2262  -10.596210 -26.407127   -7.427677
2265   -4.860365 -34.457790   -3.864415
2268  -11.551942 -63.418098   -4.299800
2271  -13.859514 -20.028355   -4.638638
2274  -14.014414 -61.869061   -5.978426
2277   -6.945910 -53.731033   -3.627663
2280  -11.027452 -32.483906   -7.442462
2283  -14.737123 -28.372074   -7.189739
2286   -8.670941 -58.795303   -6.176217
2289  -17.658091 -43.067749   -7.341274
2292  -20.165644 -50.952061   -6.114378
2295   -9.210938 -62.912582   -4.279012
2298   -0.754013 -38.607384   -4.852030
2301   -2.862976 -47.638187   -6.810954
2304  -17.032757 -26.711168   -3.775339
2307   -5.314788 -64.789543   -4.907408
2310  -17.315710 -60.959625   -3.735155
2313   -3.824240 -40.387386   -3.633209
2316   -4.568867 -33.733242   -7.531150
2319   -2.346009 -40.218357   -3.985065
2322  -18.274525 -25.728428   -4.636221
2325  -20.583179 -43.926498   -6.676194
2328  -19.655434 -28.134804   -4.684070
2331  -13.533481 -34.199760   -7.247134
2334   -1.469827 -38.765915   -6.561748
2337  -13.389806 -46.187973   -3.488949
2340  -10.968023 -28.056583   -7.408639
2343   -3.037909 -38.760384   -3.707697
2346   -3.185813 -30.697439   -4.454197
2349   -0.712380 -43.239906   -4.612144
2352   -1.992453 -61.592957   -5.083623
2355   -2.349735 -63.068405   -5.019907
2358   -6.240959 -35.267071   -7.675946
2361  -13.371157 -37.297951   -7.192424
2364   -6.821057 -16.903177   -5.567544
2367  -10.092739 -24.893200   -7.397251
2370   -4.860046 -47.544048   -3.405003
2373  -16.646732 -22.007137   -4.565891
2376  -18.069559 -39.075378   -3.175835
2379  -20.370052 -45.593285   -3.877129
2382  -18.602739 -54.829151   -3.419053
2385  -13.306681 -51.682014   -3.348244
2388   -5.424683 -18.750181   -5.917883
2391  -13.283258 -61.505547   -3.856068
2394  -15.011517 -56.626865   -3.160049
2397  -16.816460 -63.150322   -4.165249
2400  -21.406624 -42.305496   -4.331704
2403   -2.876702 -23.838221   -5.207628
2406  -19.266724 -34.563553   -3.790125
2409  -10.805220 -33.983120   -7.267473
2412  -10.931276 -18.534498   -4.833208
2415   -6.022059 -63.475460   -4.170647
2418  -14.121536 -60.363453   -3.753508
2421  -21.142120 -35.808544   -4.192171
2424  -13.858586 -55.535969   -6.285339
2427  -15.835135 -25.487148   -4.033521
2430   -9.197446 -30.491352   -4.219516
2433  -14.555879 -36.681557   -3.361581
2436  -13.345374 -30.877895   -3.821487
2439  -13.886057 -43.941883   -7.111020
2442   -5.165606 -22.590324   -6.680246
2445   -6.525580 -50.487621   -7.068486
2448  -14.381294 -15.208792   -5.973904
2451  -21.251516 -48.199219   -4.198765
2454   -6.719935 -33.024769   -4.037517
2457  -11.427380 -54.101021   -3.544567
2460   -4.552829 -65.604195   -4.908175
2463   -4.329883 -28.323399   -4.320913
2466  -13.086596 -21.164156   -7.118054
2469  -15.432832 -62.525967   -5.850241
2472  -13.779243 -47.461761   -3.385949
2475   -6.783890 -42.125267   -3.614563
2478   -4.066117 -54.638088   -6.769708
2481  -20.601877 -32.437550   -4.643671
2484   -3.415914 -46.965645   -3.532232
2487   -7.901449 -53.080273   -6.807055
2490   -1.945120 -30.101942   -4.914862
2493  -10.801394 -25.668730   -4.366084
2496   -6.403579 -29.165043   -7.600516
2499  -20.973768 -51.679741   -5.433918
2502   -7.812948 -20.259731   -6.949309
2505   -7.890988 -15.682343   -5.572742
2508  -19.507862 -32.179176   -6.884009
2511  -15.942063 -19.960478   -6.611159
2514   -5.829513 -42.031300   -7.169095
2517  -21.032860 -49.328247   -5.814704
2520  -14.319440 -29.638634   -3.733568
2523  -10.935864 -14.570969   -5.266030
2526   -8.715117 -24.179716   -7.396429
2529  -22.910784 -40.711884   -5.194641
2532   -9.925381 -62.792652   -5.506451
2535  -11.896098 -36.759953   -3.751761
2538  -22.582205 -36.460178   -5.060987
2541  -15.509380 -52.984829   -6.754176
2544  -10.012999 -38.950871   -3.715012
2547  -14.741918 -20.614641   -6.887313
2550   -7.278349 -18.245871   -6.519686
2553  -15.417353 -26.908949   -3.786753
2556  -19.053814 -43.793468   -7.307251
2559   -2.884331 -55.637905   -6.312552
2562  -21.878113 -48.559502   -5.146692
2565  -19.912510 -53.415604   -6.126486
2568  -16.090343 -22.777061   -6.932003
2571  -16.975870 -20.587698   -5.178420
2574  -21.609404 -31.229649   -5.332365
2577  -19.825844 -63.348293   -4.451486
2580  -10.750881 -37.854996   -3.758385
2583  -10.345289 -58.593723   -5.879911
2586  -19.942406 -61.695446   -4.411861
2589   -0.876698 -30.827730   -5.989311
2592   -5.052915 -62.959431   -3.821626
2595   -7.067132 -59.494434   -6.379850
2598  -20.065321 -48.208603   -3.732640
2601   -1.337790 -57.210369   -5.065583
2604   -9.495365 -46.645470   -3.513226
2607   -6.327524 -22.694199   -7.079607
2610  -17.061560 -48.984947   -7.088770
2613   -6.837173 -28.528578   -4.341162
2616  -14.898117 -18.756788   -5.131318
2619   -4.454144 -46.599236   -7.221828
2622  -12.202403 -14.759153   -5.454700
2625   -1.644041 -59.623096   -5.177808
2628  -17.613281 -51.580742   -3.094340
2631  -18.123404 -56.247650   -6.720371
2634  -13.110531 -22.610136   -7.311617
2637  -20.055653 -42.587055   -7.028737
2640  -13.637063 -18.525190   -6.842026
2643  -18.293882 -35.872543   -3.356556
2646   -5.920277 -35.329647   -3.916280
2649   -4.256341 -30.001554   -4.252868
2652  -16.969896 -55.215405   -3.114189
2655   -5.834176 -24.582144   -7.089082
2658  -11.744933 -30.213242   -4.038644
2661   -2.277440 -28.890699   -6.394528
2664   -5.128890 -22.137789   -4.727414
2667  -12.270969 -38.322514   -7.136553
2670   -8.135029 -62.222267   -4.038808
2673  -10.201930 -29.834076   -7.439838
2676   -8.834139 -35.978817   -7.331517
2679   -4.985452 -57.693630   -3.737446
2682  -19.372261 -54.546368   -6.323060
2685   -9.075302 -42.385147   -7.090018
2688   -2.469137 -54.219570   -6.129436
2691  -11.370761 -56.674465   -6.222702
2694    0.000000   0.000000    0.000000
2697  -12.246287 -47.177921   -3.457854
2700   -3.550538 -45.244781   -3.552430
2703  -22.660534 -42.834183   -5.343002
2706   -2.992239 -33.572441   -4.139356
2709  -12.008833 -34.772179   -7.258162
2712   -7.289859 -54.738579   -6.755289
2715   -5.980859 -50.978912   -3.447459
2718   -9.607159 -24.925505   -4.490631
2721  -14.733363 -49.808449   -3.285618
2724   -9.086638 -16.459436   -5.196410
2727  -18.424992 -50.994549   -3.265896
2730  -14.773856 -45.314758   -7.083852
2733  -19.188452 -29.818264   -6.897963
2736   -8.623655 -32.171791   -7.636440
2739   -2.489723 -39.549427   -7.003295
2742  -19.282604 -46.208302   -3.500473
2745  -17.388731 -61.085503   -6.219029
2748   -1.910517 -37.905296   -4.237486
2751   -0.150386 -37.327477   -5.894789
2754  -14.362324 -25.337811   -3.977905
2757  -18.621288 -48.541496   -3.371447
2760  -13.524541 -39.416042   -3.426363
2763  -18.559856 -55.200790   -6.618923
2766  -13.394048 -17.574900   -5.179291
2769   -9.797122 -50.842655   -3.528626
2772  -13.968339 -33.851063   -3.541295
2775   -6.598149 -26.044960   -7.422250
2778  -19.327347 -44.627403   -3.503512
2781  -11.440983 -43.090351   -3.618460
2784   -0.820550 -39.894470   -4.704367
2787  -13.563312 -21.435431   -4.393045
2790  -22.888601 -39.551468   -5.140820
2793   -1.799866 -46.315807   -6.348330
2796   -6.519932 -33.458893   -7.647964
2799  -12.981583 -56.562855   -6.052026
2802  -16.152988 -51.938225   -6.904815
2805  -11.437327 -48.560936   -6.891072
2808   -2.827234 -57.068336   -5.969036
2811  -18.646484 -45.467468   -7.207577
2814  -15.034420 -23.935438   -4.006316
2817  -12.287310 -39.681889   -7.062398
2820   -4.054190 -25.636507   -6.594246
2823  -22.013411 -45.913963   -5.235070
2826  -16.886507 -31.101162   -7.351572
2829   -8.519896 -37.633057   -7.229813
2832   -4.784757 -61.958668   -6.307915
2835  -17.060198 -34.826653   -7.337295
2838  -10.293086 -64.057251   -4.958785
2841   -5.438590 -59.775040   -6.613680
2844  -10.344825 -19.148653   -6.956047
2847   -7.339836 -35.820198   -3.914633
2850  -15.020692 -39.627720   -3.319474
2853  -18.699100 -42.280567   -3.359939
2856  -10.708814 -20.750399   -7.224221
2859  -11.059851 -18.104548   -6.866712
2862  -18.801105 -21.862829   -6.008190
2865  -13.067386 -24.279110   -4.240242
2868   -0.484250 -31.862154   -5.468971
2871   -6.804719 -38.034504   -7.302236
2874   -5.099569 -49.656590   -7.171502
2877  -10.881098 -55.483040   -3.657516
2880   -2.698247 -36.338734   -7.214885
2883   -3.983035 -24.684534   -4.705797
2886   -3.312303 -61.811069   -5.926076
2889   -9.439789 -34.392929   -7.338256
2892  -20.341225 -30.961340   -4.547064
2895  -12.884728 -40.723495   -7.108107
2898  -10.934835 -33.194241   -3.951994
2901  -18.470879 -27.277489   -3.892436
2904   -2.479201 -57.235046   -4.118590
2907   -2.363984 -35.689064   -4.113770
2910   -6.458023 -53.607624   -7.012539
2913   -5.561530 -54.548073   -3.634834
2916  -18.653116 -53.279747   -6.754648
2919  -18.296185 -24.979689   -6.774331
2922   -5.307938 -59.366917   -3.720091
2925  -21.412432 -37.100262   -4.215254
2928   -3.702882 -53.096977   -6.750561
2931   -3.560853 -66.119133   -5.177431
2934  -16.398607 -36.142941   -7.283026
2937   -6.623952 -27.717539   -7.446473
2940  -10.579182 -59.525188   -3.919158
2943  -11.464548 -62.784496   -5.478176
2946  -21.764853 -37.026321   -5.823105
2949  -19.890388 -49.293507   -3.689439
2952  -19.767427 -52.061306   -6.301644
2955  -18.429371 -57.738880   -6.404843
2958   -9.946098 -50.911003   -6.766970
2961  -19.295851 -36.236942   -7.170849
2964   -8.334591 -27.854788   -4.334925
2967  -19.217678 -31.684151   -4.074992
2970  -11.095905 -46.294159   -3.523536
2973  -20.450354 -58.294762   -4.595490
2976  -22.583469 -38.451668   -5.715358
2979   -0.356354 -34.055523   -5.250875
2982   -3.356660 -30.010807   -7.042174
2985  -12.029561 -16.178930   -6.790535
2988   -7.606272 -41.438248   -7.084713
2991   -6.693539 -31.621468   -4.146295
2994  -10.746670 -44.326912   -7.018898
2997  -15.850333 -38.890575   -7.128859
3000  -18.996630 -30.179407   -4.000678
3003   -7.338580 -25.225754   -7.361609
3006   -7.449006 -45.103336   -3.601516
3009  -16.639164 -45.317005   -3.258456
3012   -8.894086 -16.708431   -6.407550
3015  -14.960166 -18.978054   -6.621902
3018  -17.552633 -48.011002   -3.171633
3021   -7.895630 -52.670620   -3.554310
3024  -21.279497 -46.722984   -5.823463
3027  -12.866772 -28.440554   -7.267601
3030  -13.099791 -25.436707   -7.440188
DATA_COMPLETE
