"V1" "V2" "V3"
-12.294338 -13.668428 -5.759661
-22.600794 -41.435211 -4.757742
-18.841961 -65.079407 -4.303873
-3.200418 -65.321899 -4.161115
-0.290361 -40.586437 -5.008701
-11.809351 -20.701073 -4.647954
-11.566825 -40.950195 -3.629434
-10.839312 -63.381889 -4.383568
-11.580217 -22.277363 -7.332049
-10.982664 -43.375259 -7.045475
-10.78984 -63.745644 -5.460752
-1.69337865843702 -33.090402973232 -4.68618921735393
-7.66680952528833 -37.2180780759999 -3.84144500611534
-15.2226181525689 -37.7512555803571 -7.16628054829387
-21.2452542154413 -50.5865891439873 -5.35724461706061
-8.27267120730492 -57.1481064827211 -6.46641229301371
-5.06775692303975 -34.8844069163005 -7.72943209012349
-4.31857585556367 -54.9027064267327 -3.61102545611999
-1.70107196858435 -39.1398484201142 -4.32869237841982
-13.080023073381 -52.5994367907124 -6.65418977122153
-13.8458192287347 -60.4962778335963 -5.90791334250034
-16.4295023957344 -60.0980636910216 -6.49871201711158
-2.32227263291677 -40.9958704630534 -6.92601851145426
-11.1883024359649 -15.2983416971171 -6.67788969795659
-6.23588246193485 -45.6301615618277 -3.52791456554247
-17.7924930909101 -62.1918880799237 -5.82442327807931
-2.75303937476358 -65.4722153463481 -4.93511366549833
-10.158948135376 -47.4078080177307 -6.94017353653908
-20.0970135019786 -37.2527739112057 -3.73406435126689
-3.23910040266058 -34.5697881720039 -7.3041506670834
-17.7890415532248 -63.428407737187 -5.41192660161427
-11.1272202833199 -60.9526120409553 -3.98178029060364
-20.4027796132224 -54.520731653486 -5.65982711315155
-1.98752991012905 -30.5248755302982 -6.62234218569769
-18.297700980614 -60.2556823204304 -3.58079296144946
-15.0981175224736 -47.4187393908231 -3.32557066431585
-15.6976866785685 -35.8366145833333 -3.16576171875
-1.77619471260019 -34.3583004925702 -4.41522535117897
-12.847758443015 -63.0774520329067 -4.14512161186763
-16.4698860062493 -32.1492323557536 -3.29020049307081
-10.8619432320466 -20.2190455101632 -4.71566052694578
-11.6991000175476 -61.3702824910482 -5.42826512881688
-15.7669019370243 -49.0436793360217 -6.99978142771228
-14.4010983764148 -49.1083868058001 -6.91963586650911
-22.4222507017205 -37.5942903082055 -4.99222666384226
-11.8971285956247 -20.2378378731864 -7.12281631061009
-12.6276433364205 -43.8349005657694 -3.56347554662953
-14.5561781796542 -35.182146765969 -3.37183936436971
-9.87654100550283 -32.8613778671416 -7.50161035462181
-3.54755465719435 -32.9002669864231 -7.21473703384399
-0.134686966202996 -38.2344658240843 -5.70776697223106
-7.29493524603648 -18.3008793870064 -5.04102878047995
-14.7035209037162 -20.6640455916121 -4.54502507802602
-12.8183073661697 -62.6849304521588 -5.66124503713259
-3.0195278485616 -62.6676864624023 -4.20092107454936
-21.8274045671735 -39.9095125955249 -4.39108380817232
-1.87258625935905 -44.6889638780039 -6.46020718465877
-19.5541260278047 -38.708421792557 -3.51642932820676
-8.67118942141533 -23.6909160852432 -4.52398969531059
-9.63184827804565 -52.4598753356934 -6.70437023162842
-11.5800021924471 -24.3529014788176 -4.39711283633583
-20.0412944867773 -25.7552945961073 -5.77332600806523
-17.4191948872692 -49.1528966651773 -3.16726902745805
-17.1426894005309 -28.2516217536115 -3.49149219279594
-18.8140549432664 -64.1183810461135 -4.20906566438221
-8.0387136247423 -51.5510088178847 -6.87338239351908
-8.69888985157013 -49.7203706440173 -3.48889893920798
-2.32806063844607 -26.0771148938399 -5.82701842142985
-7.18299945501181 -63.177680015564 -4.20617147592398
-3.94802191711607 -41.9733055205572 -3.55414350259872
-1.1409296412217 -47.1616065577457 -4.47280695563868
-17.4220034211547 -29.5687272627275 -3.55337608515561
-2.95142844448919 -50.8053937718488 -3.90026809512705
-12.8179557239308 -29.3028479407815 -3.92466926294215
-17.7619999711232 -27.7575886018815 -7.05629251336539
-14.1474222571163 -62.9874140852589 -5.65597470332
-1.76808189418581 -55.9415158589681 -4.31282518704732
-15.4132890566974 -28.1697161499883 -3.62669454158192
-15.7167312915509 -21.1132476513202 -4.60232142301706
-15.3673256443393 -47.583708916941 -6.99213409423828
-18.0524428356653 -37.0204915890748 -7.36235025559349
-17.5040159312957 -19.8459390587763 -6.04943803909722
-13.7309540253651 -22.9109728366514 -4.19311484807654
-7.05385173753251 -23.8014516830444 -4.50373247057893
-19.2638116564069 -33.2133676801409 -3.95023315634046
-16.331081064736 -29.0919362510123 -7.26489635793174
-0.298055026782294 -36.2226376990749 -5.4912901512564
-12.5520286429418 -45.2536230740482 -3.54016087806388
-6.85502672195435 -56.2176798907193 -6.70519165017388
-4.24920068127768 -31.6931080681937 -4.20776656695775
-8.01173701967512 -56.0900909968785 -3.83905004433223
-15.7016336019937 -32.0753884253564 -7.33700076016513
-6.43346993649592 -25.9743763657867 -4.44237698883307
-20.7513087749481 -32.2704988002777 -6.38109068870544
-16.1926091677183 -33.4214613778251 -7.28800467082432
-8.0869957453584 -29.4340482476639 -4.24966461364537
-13.2006011914603 -35.5827762265749 -3.59664479086671
-15.8712053063475 -21.3829207714693 -6.82258537080553
-6.3896320215861 -40.5516839090983 -7.15810523351034
-20.1911450845224 -35.0539792378744 -6.82461501345222
-17.1539284334344 -46.6592140844313 -3.24122552548425
-19.0592346191406 -26.4574308178642 -6.5810156789693
-2.60851109188956 -50.4595778181746 -6.29879316123756
-15.1712119680055 -59.3228447605187 -3.56369400696016
-6.15695005573638 -64.1228669048989 -5.08977292988398
-16.2125904685573 -49.110516196803 -3.17714835468091
-8.29606256605704 -57.5943796664854 -3.89245275606083
-19.5256655179537 -40.5297307527982 -7.1928292127756
-8.83428677916527 -35.8583772778511 -3.94111475721002
-14.5731334050496 -17.5065896352132 -5.40683979988098
-16.5501312191567 -56.6185744210575 -3.16791562819749
-9.50020950181144 -56.2729980832055 -3.79150990361259
-16.1573346455892 -51.7375150487043 -3.04865256599758
-8.82876484129164 -26.3075803332859 -4.40799070994059
-6.98591182318078 -48.8839593450707 -7.05395915134844
-15.2333596132804 -43.8137250153915 -3.35094701034435
-7.91397233009338 -39.4308994293213 -7.11915571093559
-16.0881750687309 -40.9795704717221 -3.20738341842873
-15.1106901530978 -61.1833045573174 -6.28763893586171
-8.61005637122364 -55.7400799262814 -6.56363975710985
-17.1246702755199 -38.1964161592371 -3.12609451798832
-14.3752383158757 -40.7375715989333 -3.33755793571472
-11.6852430532008 -22.1805495038445 -7.33388900168148
-12.5029129923126 -50.4331985285253 -3.44109507548956
-15.4056713240487 -45.154465334756 -3.36624834367207
-16.5609380193503 -30.7121422549328 -3.38868657364903
-6.86769286022391 -58.571409245973 -3.8677461249854
-15.5687357866311 -41.5492198316357 -7.22303992887086
-10.1930252174278 -49.218623619575 -3.47618085997445
-20.6217638492584 -50.5109270095825 -3.95357206463814
-5.01313711702824 -51.3820105393728 -7.10306219259898
-7.45924591232132 -16.4063852959937 -5.78940823837951
-9.83973723282049 -49.2209374698592 -6.87604193039882
-20.8608668736049 -54.8462534223284 -4.69242418834141
-22.1624336848183 -35.3130197070894 -4.58529173381745
-5.40777023376957 -56.0541821141397 -3.77054349837765
-8.02992630813081 -31.263404490584 -4.18225235050007
-20.4417177616865 -29.3691731156974 -6.2023651408053
-3.01074344212892 -32.233060993132 -4.38670254535362
-3.6554085207837 -22.0271196535655 -5.69614747592381
-8.2993319414664 -60.5921833757041 -5.97584814956223
-8.32850283800169 -50.0740746786428 -6.88879020269527
-16.8214421523245 -33.5494526812905 -3.24596864612479
-6.72242586385636 -30.2290302004133 -4.2343510900225
-15.7479516474406 -55.3132118733724 -3.06653516769409
-17.3616505486625 -22.6974042892456 -6.66804116112845
-9.28498213820987 -37.0390104187859 -3.85795643925667
-10.8987213435926 -31.0840896556252 -7.4853379475443
-11.2247722148895 -63.8871971018174 -5.0689180949155
-19.5091281010554 -56.2495197589581 -6.1918802848229
-20.8610250655919 -34.0742421084887 -4.36817267822893
-14.789505535906 -42.6994892033664 -7.14143451235511
-1.50460682265899 -47.9004349203671 -6.05274084876565
-0.382834401721549 -44.6102137671577 -5.68720790015327
-7.90518122408763 -46.676734832396 -3.52403913061303
-6.08756480461512 -36.844046274821 -7.46128117121183
-20.7349317367763 -41.4584672483679 -6.72059917449951
-0.235230769370058 -39.4351572641512 -5.55510779706443
-8.61174174297003 -39.9316761817461 -3.71109618080987
-5.97623523270212 -24.6108743388478 -4.45642631228377
-4.25470610459646 -37.540072816791 -3.66967514428225
-4.38386766467474 -20.9966372937228 -5.43635144275902
-14.7577877839406 -36.5678527196248 -7.2313078324
-2.31652020386287 -46.2124229976109 -3.93789234842573
-10.0906991225023 -34.6903337331919 -3.96006358953623
-3.12159573477368 -26.3214792650799 -4.95531930479893
-20.9984387107517 -47.0462661411451 -4.14593010363371
-6.00386230349541 -30.1797837734222 -7.6377955019474
-4.83311429776643 -21.2876508612382 -6.350700512267
-9.52131741755717 -27.5185803593816 -7.59381175685573
-11.7999130270698 -55.149772904136 -6.42389316450466
-19.7741034295824 -47.5988358391656 -6.75191941526201
-5.48033243610013 -49.9541351564469 -3.46664459090079
-8.36463448971133 -22.2079617705526 -4.58337757255458
-10.2863988714703 -43.6710669307385 -3.64768051292937
-20.4081122875214 -42.9083952903748 -3.90936415269971
-2.11557285428047 -60.5608257293701 -4.63983378410339
-9.70095698897903 -21.6725811313938 -4.6149327561662
-18.5542785810388 -52.182076882625 -6.93681399718575
-11.5442972298128 -29.2926387327263 -7.36134179241686
-18.749092821805 -63.9347810565301 -5.07598093320739
-9.45123759183017 -33.3390920234449 -4.02734890128627
-6.02846755981445 -44.1815720950856 -7.22687510322122
-15.5997476457041 -59.0438566087167 -6.37948030761526
-19.1584092617035 -58.9311630725861 -5.96215608119965
-11.3256332874298 -44.6425133281284 -3.59172592229313
-8.06956169479772 -32.8598648874383 -4.07408649043033
-4.35936450322469 -50.7121960449219 -3.58700244585673
-19.228253705161 -59.3442620549883 -3.83588807071958
-14.1014277049473 -55.5811522892543 -3.29516799109323
-15.0927199925462 -57.848357370455 -6.14135024972158
-3.23234146986252 -63.9586827693841 -4.09171529916617
-19.0814815779864 -51.8916895591607 -3.45265424453606
-13.2713190379896 -48.7839224464015 -3.42173112379877
-12.0143043848933 -43.7884503967908 -7.04345108051689
-6.91197572665268 -60.1491053291921 -3.88346780819839
-15.1638892692856 -32.7520165745216 -3.36940225166611
-13.9421674728394 -43.4786770502726 -3.46982016563416
-16.942404683431 -41.7360607910156 -7.28693010965983
-19.1752570537811 -22.8296777441147 -5.61051833375971
-1.76466107368469 -58.3691225660608 -4.83282857245587
-11.8833463292726 -17.3655731039987 -4.97762258959488
-14.0386092006296 -38.2806723774343 -3.41714126476343
-5.82355131329717 -27.5297723976341 -4.3790478577485
-16.2366744657106 -25.4950803442846 -7.15764643874349
-0.969732278475055 -50.4148314087479 -5.2781530574516
-14.8840718830333 -61.3762382058536 -3.78549281639211
-9.95974897455286 -45.0741950612009 -3.60187799253581
-7.41904085960941 -21.7502340786699 -7.12341563597969
-18.8385035676776 -62.771636171161 -5.388165347981
-4.86999331580268 -46.1158556938171 -3.42655466331376
-13.0091567516327 -35.7786485036214 -7.28369379043579
-13.9033391505112 -31.5893918732066 -7.38710449948723
-21.0736335754395 -40.1682222254136 -6.69981569402358
-7.98880413482929 -62.7698785847631 -5.64245022576431
-0.305951722845849 -35.1992617183261 -5.55231475167804
-15.0765192325299 -48.6147692753718 -3.30375189506091
-7.18734261535463 -40.5638877323696 -3.68035854328246
-11.4839661704169 -56.9140669928657 -3.69504457314809
-8.20493120443625 -17.5807968514865 -6.42056390887401
-1.24156196615589 -40.1468071439373 -6.43772716664556
-4.71235358715057 -35.8084478974342 -3.79809403046966
-20.617757046809 -55.7082456369869 -5.52900594961448
-8.32066740709193 -54.3275453904096 -3.71171850597157
-14.8321136448481 -51.0568708132391 -3.17722706925379
-14.5516068322318 -51.9396511622838 -6.77126032965524
-5.82106186622797 -45.9586098249569 -7.18747446148895
-7.62268294458804 -48.4147953088733 -3.46551148787789
-17.3798211415609 -41.6865935770671 -3.11933425585429
-5.42471690236786 -29.0971547350471 -4.30438326611931
-17.8689998512837 -40.4548789067055 -7.32930204761562
-13.0241751314989 -48.4351165543741 -6.89072260927798
-15.2958269257476 -55.1149461165718 -6.41128459184066
-19.2457577236115 -48.6910473051525 -6.92160459548708
-13.2723808288574 -56.7814467078761 -3.46281786968834
-17.3286319308811 -21.2917191944425 -6.47413988718911
-10.1489486694336 -22.0907003283501 -7.34482303261757
-1.14343821424157 -41.7494419724194 -6.38026823926328
-18.9336979964684 -65.2631194016029 -4.4893543884672
-5.65562879586522 -61.1414377719541 -3.75008980533745
-14.6040871143341 -56.5700992135441 -6.06247105317957
-16.7968348548526 -35.1008721760341 -3.18278664918173
-4.6455942067233 -52.0256574226148 -3.47382715254119
-8.1903650136221 -63.6912577946981 -4.74610056763604
-1.06134584509296 -45.8797136000645 -4.45620905911481
-9.74955498377482 -61.5255055745443 -4.07719085216522
-1.90136762294504 -54.4799738989936 -4.23976345525848
-12.4374735222922 -55.4695661862691 -3.49968683057361
-15.1018168032169 -52.326363325119 -3.14555608853698
-5.24256418369434 -28.1198620266385 -7.27828499122902
-19.8524431459831 -62.617205879905 -4.80426979064941
-19.4769150416056 -64.4712843667893 -4.51404150327047
-5.48481576215653 -58.4857828957694 -6.65059862250373
-13.2791009130357 -37.0287953147405 -3.54594335374953
-7.98637816549718 -20.8494018905464 -4.68061993039888
-4.76403339358344 -40.2283534727235 -7.3194131574769
-16.0995292292013 -60.2437929425921 -3.67805163891284
-14.1641342639923 -62.534968316555 -3.93116428330541
-21.4103718893869 -38.1728422982352 -6.43546566963196
-16.9048884148691 -19.0266986734727 -5.82376685796999
-11.1968190639834 -39.5100565560256 -3.64244867880133
-0.901486027557238 -49.3060440130993 -4.83615687041156
-17.7199951050773 -64.4148670378185 -4.88275673275902
-1.62101580725088 -53.1555236717323 -4.45020684948215
-18.7968055077319 -61.397114519803 -3.84535922194427
-14.2808796625871 -16.2528586020836 -6.50125135825231
-8.51674899669609 -41.6372060294103 -3.6869953473409
-2.43508142076041 -52.7131823991474 -6.10293100382152
-14.5725125755583 -46.2062841142927 -3.41992063607488
-15.8413573471276 -29.4181718826294 -3.50283574735796
-11.1519447119839 -50.3593980720244 -3.49857784753822
-18.9162158721533 -58.0735781742976 -3.75600155500265
-9.8454225063324 -56.9516714702953 -6.31244001063434
-17.2656601799859 -57.3443586561415 -6.69048998090956
-12.546678352356 -33.6584104326036 -3.777146908972
-14.6805681129555 -63.6181974534865 -4.81132105418614
-6.98106931477058 -57.8466883868706 -6.57690986772863
-21.4173926994449 -29.9505109630647 -5.37625363615693
-13.6494281641642 -57.7705952453613 -5.81359796524048
-6.56454658508301 -57.0670341398658 -3.83980065148051
-12.5212242226852 -16.3855000880727 -5.1356315361826
-11.1041640472412 -59.9801168823242 -5.45365803400675
-15.7022638031931 -19.7425709926721 -5.05229021563675
-11.3202681851077 -27.0854197663146 -4.17381928183816
-2.17165548168123 -49.6018362045288 -4.0872808881104
-7.193407952031 -23.6584776866285 -7.23128837875173
-10.3682767895685 -61.4391234577566 -5.42079802526944
-7.23311743017745 -61.2039582239438 -6.12459742533018
-15.6071536064148 -34.2142742156982 -3.21706538200378
-1.48869848838994 -50.8534817762778 -4.43513590181378
-6.03330107392936 -34.1515084628401 -3.97397254664322
-3.80690815232017 -39.1674891385165 -7.3935665774655
-8.50668600509907 -34.5078956340921 -4.01271829111823
-20.3989894787471 -51.5296007792155 -3.9456255286932
-15.3922702026367 -34.6800850423177 -7.29416143417358
-6.21442949130971 -31.2953456550516 -7.64620937326903
-3.55053658954433 -49.6714099196137 -3.75561832990803
-19.6757466851211 -55.384248966124 -3.78383812962509
-15.0990047755994 -22.2935150949579 -4.19628364161441
-16.4243522140215 -61.8239188284244 -3.88867242381258
-17.8658853258405 -31.1618167332241 -3.64148546503736
-12.5953233718872 -51.1910853794643 -6.74487498147147
-12.7840129959751 -57.856203213544 -3.65234558347245
-17.7827927725656 -21.8271157400949 -5.01117310448298
-21.5128291716059 -34.2610028278397 -6.09013602245285
-7.89530682844274 -27.0919953963336 -7.63415465635412
-15.6524194656534 -17.4210336157616 -6.06207664469455
-14.5245037078857 -17.5523344341077 -6.64240435550087
-17.3001488172091 -58.1493670634734 -3.34639386641674
-14.499410984364 -22.3395598999997 -7.08954596012197
-15.3039406271542 -24.0528864467845 -7.15641857596005
-0.735837605866519 -37.3740542325107 -4.89212899641557
-19.5632122357686 -49.9372788535224 -6.62193667226368
-4.91966485422711 -25.7658035145249 -4.43770975844805
-19.5050737247911 -50.6014334212902 -3.54979950328206
-17.0034817554912 -56.1632348357654 -6.66173014875318
-8.89177688430337 -21.2535290437586 -7.18762824114631
-5.40600623523488 -41.273227557014 -3.58468039176043
-13.8436691911915 -59.0042545463465 -5.82514983189257
-4.73601496356657 -29.5343909208802 -7.39132840605988
-12.938427709764 -41.0075445482808 -3.4891085701604
-12.2361527640244 -19.0379313107195 -6.95574170967628
-9.00329465132493 -61.8384702242338 -5.63217296600342
-4.31160544407995 -62.1452644247758 -3.79461786935204
-10.7969308495522 -39.6157525062561 -7.04848117232323
-5.04639880359173 -53.1648267507553 -7.14791298409303
-20.9432475526454 -38.4534162101099 -4.04407700441651
-14.0916922832357 -50.6222167179502 -6.82880735397339
-2.21302170753479 -44.8230537414551 -3.91269034743309
-10.6728612422943 -52.7339820861816 -3.53282358646393
-6.64295717916991 -19.7475294815867 -5.01131225259681
-1.94892376745251 -51.4923582479987 -5.93437024237404
-1.05183344511759 -29.6717805953253 -5.80811954225813
-6.1790722640785 -52.3142972894617 -3.48052009054132
-0.33436600886064 -45.8491592407227 -5.40368797283361
-16.7381440676176 -37.6508152301495 -7.21978352620051
-3.68561139742533 -28.5717579650879 -7.03251089731852
-3.34128244106586 -24.5812099896945 -6.27315576259906
-10.0127664964591 -15.5266533182628 -5.1896757510171
-19.6496598287062 -23.8858383785595 -5.70514842055061
-12.7126876245631 -25.919961891552 -4.15262602343418
-1.66604764014482 -28.6561052799225 -5.28640439680644
-3.80259893985277 -41.2736914559696 -7.2746242780364
-17.4453963968489 -39.0325011677212 -7.2530962228775
-2.73136689703343 -53.2703007196976 -3.92234796588704
-17.6349889482771 -40.4113180977958 -3.12573371274131
-12.6039610968696 -42.4248758951823 -3.55588619797318
-13.9611273793613 -44.7963200737448 -3.4835749093224
-2.12067548253319 -49.1233223134821 -6.12135281887921
-18.2973071537661 -31.2697608390551 -7.1798952777734
-21.8941647010513 -47.2509381258035 -4.92222288590443
-2.10414065702541 -52.0089987677497 -4.23411030382723
-1.69275784309094 -43.5987395066481 -4.14456780507014
-16.5785081863403 -43.9273764928182 -3.17570992708206
-8.19487830400467 -33.4294076442718 -7.60695210695267
-3.58370271073766 -51.4807090299675 -6.71535161029862
-3.30477251397802 -37.708723879875 -7.3682466162012
-10.4485196571846 -23.5710163859578 -7.41518008244502
-0.614327319472739 -48.1937040310462 -5.06133934595052
-0.653717638254166 -32.8909477742513 -5.37490788141886
-17.2661517858505 -24.7634766995907 -4.41347754746675
-15.0945263429122 -42.1885298989036 -3.30751209259033
-13.8931279904915 -27.5319073609631 -3.86941958677889
-9.55060621517808 -18.0362852580512 -4.88163394358621
-0.287582241608021 -42.0709686635811 -5.34937229780393
-12.7270295279367 -60.9841012954712 -5.60588843481881
-21.1221589388913 -35.8826934082867 -6.25031885382247
-17.7379654620556 -32.9958575634246 -7.24361532799741
-5.44522128105164 -32.4620916128159 -7.54385471343994
-20.4601672001374 -38.9380740141257 -6.99618260677044
-16.3422462940216 -47.7876536051432 -3.22436796426773
-16.1130385802964 -50.4581633099055 -3.11572852781263
-3.4695432804249 -59.7028345649625 -3.81753077330413
-6.00108566650978 -20.9976549882155 -4.88752746582031
-20.4603239186605 -36.988321685791 -6.76900641759237
-14.4807954161134 -57.9489979156076 -3.42600176432361
-10.0191041161032 -40.6946139167337 -3.69176075037788
-8.48555209776934 -48.3423482109519 -6.96283758948831
-6.8619722802955 -22.3618526688541 -4.55978039086583
-9.12631808536153 -48.0040090319136 -3.49027785784762
-4.55726527142268 -42.9645304936235 -7.24275931491647
-2.95030231909318 -27.2113782998287 -6.55888419440298
-15.9681611061096 -27.2197558220397 -7.20845056594686
-12.7634028978245 -45.2394167172012 -7.00610700217626
-12.2542271287474 -39.9741459154103 -3.53360401114372
-19.3603377750942 -26.6537473951067 -4.86843314852033
-2.14861982359606 -33.7483780243818 -6.8093249797821
-8.2416501385825 -17.4907341003418 -5.1212817123958
-20.6775640509594 -57.0644213358561 -4.93629450085519
-4.00867284599103 -59.3406637091386 -6.25681548369558
-17.5900161001417 -54.0926905737983 -6.81477830145094
-8.62157223820686 -46.4892677783966 -6.98972876667976
-7.8390530858721 -25.3062830879575 -4.49065571171897
-16.2621096125189 -42.4889619215479 -3.1610032207561
-1.19542466104031 -36.1313618421555 -6.45969923585653
-4.57353638112545 -23.7338752746582 -6.61716318875551
-17.0775693560403 -52.9362956455776 -6.9203798505995
-13.9710722798887 -16.3392864517544 -5.49487121208854
-13.5770131725155 -19.9025067629879 -6.93836509364925
-3.21871152189043 -22.9715204450819 -5.84019360542297
-15.0510332639827 -16.4085609635641 -6.07634277676427
-5.35728005395419 -23.546163033748 -4.52359046106753
-21.1489380501412 -45.1680797886204 -6.06236268378593
-4.00732907350513 -53.3869003074757 -3.53577260349108
-5.77155377259895 -39.8358944565503 -3.64187861556437
-8.29447897523642 -19.1679828464985 -4.82378823310137
-8.54639861162971 -59.0750932581284 -3.93199349010692
-5.95025532866177 -36.8143546222007 -3.81636151222333
-5.06314914913501 -19.9425853955544 -5.77803074707419
-16.1023066989959 -37.1655175345285 -3.17493157159714
-17.333753786589 -59.4088705464413 -3.41724454415472
-18.1487544077747 -46.8193726449643 -3.29937535411907
-15.4495794450915 -30.5144889934643 -7.37445169526177
-9.32025274088685 -31.9801450111497 -4.10304218614605
-13.5877131344227 -59.0520420288772 -3.67747197526225
-13.9258275168283 -47.6446916852679 -6.93109339986529
-1.08484984993935 -41.1079837036133 -4.53256047566732
-5.69522996966758 -47.7943177383937 -7.17743993073367
-20.1992290540673 -46.410534211959 -6.59210664924534
-11.0892164468765 -28.6348669290543 -4.10521139502525
-16.3921096150468 -40.3736865811232 -7.22914185175082
-2.70924046371557 -42.4472729646707 -6.88018915924845
-19.5731172400006 -56.7968400858216 -3.96221098657382
-3.15604809478477 -45.7553164635176 -6.89597155135355
-19.8116539695046 -24.8678647474809 -5.90741736238653
-8.64577281307167 -45.3031472219548 -3.59456692279225
-8.82083599427167 -25.9245125265682 -7.49536533916698
-7.96092360627418 -30.4087441201304 -7.6331775375441
-20.9187304346185 -47.897924975345 -6.07583669612282
-8.98201817581334 -44.1943746350475 -7.07190261427889
-14.418156086559 -53.8122811653245 -6.59474514571714
-7.09857628985149 -50.0413749973948 -3.46846870968982
-6.87366234172474 -55.2724183400472 -3.79541330265276
-4.84822142720222 -36.78723487854 -7.54000096917152
-21.6664555777966 -49.5931658140371 -4.72141293404808
-9.50613083710542 -28.8832694646474 -4.19411944054268
-13.4468803564707 -18.8032751083374 -4.90779179732005
-13.6613888235653 -32.2587604298311 -3.69543607375201
-8.2741136904116 -60.7897065245075 -3.98559693936948
-5.33212580851146 -30.9473927361625 -4.17901564495904
-9.70219199223952 -17.6736734563654 -6.66088190403852
-22.0739371131448 -44.80352379294 -4.81972921595854
-16.4159159362316 -44.746574640274 -7.22182966768742
-1.91782002803708 -27.3705099436862 -5.71697411655394
-21.5700425293486 -43.6602310568599 -4.51243158114158
-3.52972756197423 -58.1901388757023 -3.83765990057109
-11.9067773404329 -53.5733130634695 -6.57324064641759
-15.8292923609416 -56.3389049784342 -6.3405033047994
-9.4026305176491 -31.1987003725629 -7.5578538927921
-9.38972557109335 -40.691987991333 -7.03868036166481
-2.01234191656113 -35.2130405562265 -6.81239595583507
-7.37839379543211 -43.2351163073284 -7.15521230930235
-15.9156552597328 -46.4342632293701 -3.31870763390153
-9.90015634577325 -27.2579614558118 -4.27297784927044
-13.8494516611099 -42.0956572805132 -3.43340816668102
-11.021085553355 -37.9176012014414 -7.17751211934275
-12.3157283359104 -38.2622119479709 -3.60888391600715
-13.521530730001 -63.6651889929611 -4.93056098530801
-18.6574799257166 -28.5421622781193 -3.87305737663718
-10.4687250091369 -36.0505348113646 -3.87200643642839
-0.429704181371479 -46.9686845901909 -5.53913584542931
-1.33344709259622 -42.3655839807847 -4.39131319522858
-4.32906515760855 -56.1818554618142 -6.67348057031631
-12.4438117613275 -60.2034469512572 -3.83547919629568
-15.4840851299098 -50.5275145984087 -6.93432793070058
-6.25527904510498 -48.8545960489909 -3.43195068359375
-18.6293924246261 -46.7232371657642 -7.1443396397491
-22.1370786031087 -38.7509898231143 -4.6292518358382
-19.3149810117834 -60.1996077369241 -5.63334271487068
-18.8179814207788 -63.2448865853104 -4.14061795028986
-22.0448540817072 -43.966955208484 -5.52111761069592
-4.05738413333893 -56.6689740286933 -3.77960146466891
-17.6650609796697 -44.4390594482422 -7.33815078735352
-17.3288591146469 -36.5854345321655 -3.17100927233696
-21.0506000257518 -53.8653385737171 -4.83448897975765
-2.43114532551295 -59.2464594236562 -4.22869885471505
-11.356306670142 -15.8110450994773 -5.13344052580536
-22.0041208629367 -41.4343573654754 -6.12883177286462
-17.7857112884521 -29.4473367755333 -7.22711931721548
-19.3843701449308 -43.4452815662731 -3.54007808078419
-17.5405828106788 -42.9890347757647 -3.12626043442757
-19.3123436327334 -36.4767776771828 -3.57163978506018
-5.52596718706983 -57.0529222285494 -6.73197412998118
-14.0073144022624 -29.8962472279867 -7.36475687026978
-19.7820969445365 -60.4067752293178 -4.08642319951739
-3.23562570774194 -31.6145778424812 -7.04329947269324
-9.16511942790105 -15.4627972015968 -6.45222010062291
-11.4667694535974 -41.4442495058661 -3.62552624532621
-14.9753608504931 -31.0914459427198 -3.53419203311205
-18.5701884381911 -23.6380948459401 -6.47385834245121
-19.3145005362374 -28.1382951906749 -6.62964941348348
-22.2102588460415 -35.4335584519785 -5.48741439626187
-18.563985824585 -53.1904379307539 -3.41932963228774
-17.7621308184685 -63.6116516437936 -4.23715129811713
-4.25727910844107 -33.3393109639486 -4.01606207045298
-15.0545190572739 -59.9934372901917 -6.27318071722984
-16.1763457534134 -18.2029791596115 -5.90083890320152
-9.27444815081219 -52.7725407800009 -3.56656977742217
-12.1848783038911 -26.8814625285921 -7.360981742541
-17.2661116815382 -46.0015792231406 -7.22777478156551
-12.1017873415383 -46.9582461695517 -6.92510531538276
-9.58680023087395 -60.24288309945 -5.7056461903784
-21.4596670719615 -50.7926109715512 -4.52085540169164
-16.9020332010781 -55.1105606730391 -6.64535203212645
-20.0182853071657 -41.5199184679005 -3.67713363529885
-12.5723841455248 -33.1252394358317 -7.2651079442766
-19.2159246376583 -40.0529163905552 -3.38911442245756
-4.71490395843209 -31.0441264858494 -7.38615368558215
-12.2581039803927 -19.9170330547896 -4.68482461522837
-8.56928306736358 -18.8563291210018 -6.75375215974573
-2.43927181774462 -41.465752400143 -3.93379911570482
-17.4117923216386 -26.2482995119962 -7.01443602099563
-19.8810196629277 -53.9569582056116 -3.85948805161464
-1.04621021639217 -34.6603068265048 -6.20496853048151
-1.41516685101294 -36.5517882685508 -4.57081434803624
-2.56180661374872 -42.7321523030599 -3.80369213855628
-21.7015847471571 -32.4062149401793 -5.56463512931902
-8.82161066905562 -22.7775517429214 -7.3590775455337
-19.0613130728404 -62.4293158054352 -4.09834966063499
-12.2859168233751 -23.7691956773589 -7.4026905373682
-17.4129011239578 -50.3749329865868 -3.14053363942388
-11.8591916810221 -48.9946774724704 -3.45961397797314
-4.42503884951274 -60.869071858724 -6.33455219904582
-15.3654672998778 -44.2348250268211 -7.15989992652141
-5.34625691882635 -26.3264563608978 -7.07627271393598
-12.4897197337633 -52.8823509644926 -3.42568326532171
-11.7059170211234 -34.9868529249982 -3.82773617418801
-20.0617040332995 -60.7846306750649 -5.0327661288412
-1.11156750638206 -53.3096034075763 -5.27491756817242
-5.05127879977226 -44.56075963974 -3.51647901833057
-4.25555953671855 -27.1606976293748 -6.87347374423858
-18.2074428493694 -48.0215606689453 -7.11337707002284
-5.18742305931004 -42.8545224419956 -3.51485273207741
-19.0566268139575 -33.8277872384313 -7.11614071030215
-16.9290551900864 -24.0617048740387 -6.94373434185982
-3.86370224091742 -63.1934764120314 -5.93163220749961
-3.00667635268635 -29.0986244943407 -4.57510663403405
-4.19933807572653 -26.9132849005766 -4.44258416530698
-13.8750196544603 -27.0093940427934 -7.20260466652355
-5.87280740872235 -38.1419690091845 -3.71953132454778
-9.87825078602079 -37.0798980616316 -7.26466544670395
-6.53730724497539 -52.1001790674721 -7.07068110093838
-18.0489857071324 -56.6546521437796 -3.41740883651533
-18.4654403099647 -35.2287581028082 -7.33298551119291
-1.55396781184457 -31.3314974153197 -5.00258588171624
-11.2107443931775 -50.2402709080623 -6.80175144244463
-6.56253676038039 -62.0807588978818 -3.8645348831227
-21.272901430997 -51.8763746781783 -4.58810880834406
-10.4346422269506 -42.9043855018986 -7.05984784561454
-18.0199227072976 -44.138167294589 -3.23766441345215
-10.6390498302601 -62.5188512448911 -4.19577393708406
-2.59209421359071 -24.93779712642 -5.38913151977259
-21.4596585546221 -46.0667336327689 -4.40745093141283
-1.02996150146831 -51.8942407781428 -5.04163788882169
-19.8433251600999 -57.5960094158466 -5.89220432134775
-17.4852451266664 -58.9919607567065 -6.54535102844238
-11.0343116854058 -16.8243739644035 -6.79884991880323
-13.1331508263298 -15.3767087770545 -5.40480906030406
-9.13784638271537 -63.6947001795615 -5.19212778152958
-22.0670315917109 -39.5876101104307 -6.19335801836471
-9.41787669969642 -14.3720233025758 -5.7293403511462
-1.90699293945409 -48.1700055569033 -4.09624294993244
-7.28276801109314 -39.0080452495151 -3.71753225723902
-14.1051341670833 -53.1710060851215 -3.26842290734592
-7.49588938381361 -45.2408579950747 -7.08979154151419
-20.3652012676274 -30.8259464228919 -6.47880903296514
-7.74586112726302 -28.598558198838 -7.67195992810386
-8.97914537742956 -43.588163233515 -3.6502252407928
-18.4051291783651 -49.5203071594238 -7.06214183966319
-7.30821873132999 -31.8871448773604 -7.70290656273182
-16.8665710403806 -64.0267828532628 -5.06860319205693
-18.1443018317223 -60.0106536149979 -6.19463130831718
-8.61202308608264 -15.089369192356 -5.69721376023641
-7.18788782033053 -51.5300729924982 -3.4841296564449
-14.7481742291837 -39.8603877505741 -7.12110401488639
-18.6190831891952 -41.9658713186941 -7.33458912757135
-1.90432234432386 -31.9255133642667 -6.67267442786175
-11.3174439503596 -45.7410690307617 -6.96623329749474
-7.17678744914168 -34.1266895876092 -4.02018484826815
-21.3786523304288 -41.1332720196436 -4.16957781806825
-19.5459925587972 -37.68529200236 -7.22709392547607
-17.8159363269806 -50.3904459135873 -7.07577310289655
-14.0824591676954 -46.4380512506189 -6.97609980677215
-9.72716604791036 -45.6253658387719 -6.9838696921744
-12.4877062108782 -59.6147434976366 -5.52706722418467
-18.7792843409947 -24.5014579772949 -5.04062014988491
-5.34985937178135 -32.623682320118 -4.04587132111192
-20.2542770732533 -48.9452545166016 -6.41587149880149
-18.9749760150909 -51.0147008895874 -6.84867894053459
-4.04372811961818 -23.1471851967476 -4.93743605227084
-10.4214526466701 -29.9871478149856 -4.12059273927108
-9.64774137303449 -60.0385775358781 -3.96799047096916
-19.5228992870876 -61.9032023293631 -5.38601122583662
-14.799734656016 -25.5706611633301 -7.32533140182495
-18.5909363705179 -49.7858685203221 -3.3651078161986
-2.62718480990993 -37.0789389080471 -3.93604607714547
-18.2796720055973 -64.8964977264404 -4.65604683230905
-7.12270838564092 -47.069394718517 -7.05834477598017
-5.07647320735885 -38.2302269073854 -7.40177260249494
-13.299008026123 -16.9350295639038 -6.80590614318848
-3.90959924082213 -35.9136797265161 -7.59774269031573
-18.0094941692588 -32.6812754972481 -3.57727771629522
-20.3956790392912 -33.5859471091741 -6.65189557739451
-4.3967032403831 -48.1278677790998 -7.16050543268043
-10.3072003377995 -14.4750695430057 -6.55207545992354
-10.2773327742304 -13.6716375180653 -5.78872027567455
-14.1629880131155 -41.2081327023714 -7.16004431766012
-0.195365436528535 -43.417138671875 -5.50479041267844
-10.3155925819673 -35.6126874441124 -7.29249850813165
-12.6146740281438 -30.219375932073 -7.39892220784383
-10.401122625484 -53.7974725324054 -6.58572031730829
-4.64474943967966 -39.1035391000601 -3.5928156706003
-13.2434369213176 -15.6001930776632 -6.55940470605526
-3.24164118766785 -43.8645182291667 -6.98298522313436
-18.0124214957742 -34.2830610836253 -3.44540558843052
-3.48480127538954 -36.2687827519008 -3.74072056582996
-2.78838093554387 -58.6612009142266 -5.71750352421745
-20.4615910786849 -26.7054864810063 -5.6984115426357
-21.1225851684057 -28.6572834303399 -5.43514230471699
-15.9510207176208 -58.1363257928328 -3.2636061175303
-5.92840944290161 -61.0849148050944 -6.3927060953776
-22.5515175580978 -41.753563451767 -5.02912806868553
-12.5239231927054 -27.8628621782575 -4.01173644561272
-1.16955212066913 -33.0088460856471 -6.32055971540254
-12.774836720647 -49.7261514405946 -6.83069749780603
-16.6574312051137 -62.9170154465569 -5.75774551100201
-12.2630795930561 -21.2899048955817 -4.53310891829039
-12.3380316194282 -63.7683593566159 -4.97402990869729
-5.53497275852022 -55.042965116955 -6.94473917711349
-7.28976451328823 -26.9594954626901 -4.41419512884957
-8.63527674288363 -38.3097465102737 -3.76160945763459
-18.5218492558128 -37.6398464002107 -3.28492403344104
-5.31059735371516 -53.3789155813364 -3.50107749792246
-1.49220894471459 -37.4976094010947 -6.72633046689241
-11.2552731457879 -52.047306060791 -6.68646469677196
-11.9716322459872 -61.9717149280366 -3.99344178986928
-20.6915928335751 -44.4217958450317 -3.99064052806181
-13.8983450028503 -23.9607084700205 -7.28570939962146
-13.6707213376019 -50.418297999614 -3.34169864332354
-1.24056125128711 -54.7781815705476 -5.12514688792052
-11.031731521027 -21.885388555406 -4.55034507679034
-6.4119889497757 -62.6151559193929 -5.97351632118225
-10.5254549904475 -16.9762683747307 -4.95985804663764
-4.15146669447422 -57.7991344451904 -6.37655567526817
-5.17979685465495 -63.449661954244 -5.92059609095256
-12.1241381866763 -31.9228933122423 -3.92227774196201
-12.1373275391599 -14.6035602244925 -6.50185903589776
-16.8689667798471 -47.4207248411317 -7.10513750021008
-3.64886166777792 -49.4348081757751 -6.7972127334981
-17.0127758026123 -52.7437596130371 -3.06425138791402
-18.7165134496856 -61.2898143969084 -5.78421738273219
-13.1622190302069 -54.2487202037465 -6.50730210217563
-13.361511269001 -14.4672469322128 -5.96119235260318
-9.23806353771325 -28.966916662274 -7.53077751939947
-3.12720593699703 -61.3311244823315 -4.09742278817259
-17.95549880402 -23.1452406388295 -4.82840285723722
-11.8963479624166 -42.1849012994147 -7.07933842671382
-12.03826431036 -58.0139461040497 -5.74356342554092
-16.6845879805715 -50.5848750733493 -7.02534898122152
-22.3112337562475 -34.3450206799454 -4.97305026215114
-20.3107041827703 -35.5193152993412 -3.96699912669295
-20.5475324988365 -39.990852355957 -3.79257184639573
-10.0943303957377 -42.1938288440443 -3.67507685047306
-17.5091582476082 -51.6432718179994 -7.05975567284277
-6.47840110115383 -47.2430754951809 -3.4532581999682
-2.81693886685115 -27.7783614538049 -4.78463980972126
-6.68492551644643 -19.5267997696286 -6.66599952039264
-10.2776944087102 -55.4883106776646 -6.45129097425021
-2.99311939586293 -64.1081364718351 -5.46258787675337
-14.3098378788341 -35.2563439109109 -7.28392343521118
-3.03995021065669 -60.4137141668974 -5.74825195056289
0.00862898418066523 -40.7594564794525 -5.58022955762662
-7.83660516256019 -34.8251065121421 -7.50770152973223
-13.2127261884285 -54.2536725708933 -3.37675016215353
-9.2636853131381 -19.9519541480324 -7.06277892083833
-16.3252311266386 -57.9572343092698 -6.54878376447237
-4.80784426966021 -48.9225068246165 -3.52572545697612
-10.0090041879105 -16.1136766851765 -6.69500428029936
-15.7888578536018 -46.2063211108011 -7.08747741911146
-18.9565581606145 -47.5662870574416 -3.41805219650269
-14.8099550455809 -54.3811174631119 -3.17193205282092
-9.04341802205125 -54.192002387896 -6.63400912611452
-22.0714496040344 -33.3617416381836 -5.13180536270142
-13.8454373677572 -38.738200823466 -7.12723150518205
-16.1554035523359 -43.091827841366 -7.21143338259529
-10.6502281019959 -31.5945290915574 -4.06425113919415
-7.74879154158227 -43.2994268440906 -3.63680364761824
-17.9122186476184 -45.5302491341868 -3.2880806192275
-9.70832940207587 -54.5530291239421 -3.68803715440962
-20.9325779203385 -52.8452286493211 -4.40850400167798
-20.7911300201416 -27.701095489502 -5.59416679000855
-20.0942279497782 -46.9906111558278 -3.7590959072113
-4.44235870371694 -44.7145412279212 -7.27320127901824
-15.3747664653894 -38.3046621842818 -3.29775140140996
-12.3210690657298 -17.6604680697123 -6.90781764189402
-11.3594194906099 -13.6100897192955 -5.92323231697083
-6.10726115654926 -20.8750838260261 -6.8190568077321
-15.8905747357537 -63.6851896398208 -5.01521839254043
-20.9110113988157 -52.9275682793289 -5.47783089465782
-16.0788965559842 -54.0697528772187 -6.67822461379202
-12.2636728170441 -22.8793866925123 -4.37394790533112
-7.45084100156217 -36.413192027324 -7.41227582338694
-19.8288068059665 -44.9574159081302 -6.91551125227515
-18.1886862791502 -20.8252417674431 -5.80019119152656
-6.23154524529334 -17.9606680350729 -5.58400618675912
-3.64219927787781 -65.4463930332914 -4.16274668308015
-3.59781336173033 -43.7997844402607 -3.52351209750542
-2.51739582379659 -64.5151121520996 -4.77061115264893
-4.46058705193656 -60.6911870138986 -3.69822310038975
-11.7637206919053 -36.4944042430204 -7.28327654670267
-9.66134231090546 -38.8546636581421 -7.1102666258812
-0.680858012782522 -44.5998196429517 -4.73310024767037
-4.10466553559944 -64.7153754163144 -5.79411167884941
-3.10228017280842 -54.5457926783068 -3.7462212710545
-1.44633857513729 -43.2344001970793 -6.31737739161441
-2.96427787712642 -55.8468723297119 -3.85907095840999
-12.30866703517 -18.5425110669203 -4.87529297949563
-20.1746977515843 -59.3771384695302 -4.7908478146014
-7.11021318314951 -63.8485242143462 -5.06343307374399
-8.43762806745676 -51.0229322482378 -3.50282207207802
-10.9372828871339 -41.1046299357991 -7.07700591558939
-11.5353330731392 -25.2220102071762 -7.3510526061058
-3.30827620721632 -48.2813296779509 -3.69802617257641
-10.3385711283911 -23.3580221221561 -4.49155473709106
-1.0770703371494 -35.233560931298 -4.75936015959709
-18.7193908691406 -41.2624357880139 -3.32654547691345
-16.417255129133 -39.5324756077358 -3.18473271642412
-6.11002612795149 -39.2554860796247 -7.24870126588004
-13.3357238182655 -42.4264021066519 -7.09397742931659
-4.4377171189286 -64.0174836890642 -3.99328670390817
-10.8794225721217 -47.7010642663756 -3.46141366816279
-12.5215207672119 -13.6814294338226 -6.09371910095215
-20.2088579305013 -29.4847486114502 -4.6422896639506
-3.34930584305211 -34.780859997398 -3.84708243608475
-3.35932841162751 -51.9924007913341 -3.76818353542383
-16.3276338094397 -23.5668926239014 -4.26685744901247
-14.3973111478906 -33.0753800241571 -7.26677371953663
-11.8595149781969 -58.8942305776808 -3.80175983243518
-18.8845895441567 -38.9822798938286 -7.33948562784893
-6.32915215159571 -43.86203477549 -3.58289836728296
-19.9036372991709 -52.614334326524 -3.82170877089867
-1.45270757542716 -56.0749103546143 -5.41554056803385
-10.1073899567127 -57.9423270225525 -3.86207596709331
-9.52263203645364 -19.896298628587 -4.7569905488919
-16.4200429371425 -61.6230103084019 -6.256860603605
-20.8923799341375 -49.3540153503418 -4.07550634579225
-15.9040105020678 -53.5836861069138 -3.03673199705175
-12.4245187363973 -31.6384349683436 -7.42952997510026
-17.2928596931168 -53.9277985488312 -3.10851858839204
-11.6231314038473 -51.6554070124551 -3.46957619984945
-21.4372834044617 -42.7980220844219 -6.3737370007998
-20.575923221212 -56.008475773771 -4.44697338426617
-17.7814315160116 -62.3097379684448 -4.00887271960576
-15.4896899192564 -62.8121234524635 -4.05981362635089
-10.6100688886039 -26.3775750172289 -7.42839899545983
-4.87733273506165 -34.4803593953451 -3.87583350340525
-11.5489447275798 -63.4464824676514 -4.32147183418274
-13.8077302477253 -20.0509410402668 -4.64862054853297
-14.0012543642962 -61.8032952296881 -5.95742176785881
-6.94835952165965 -53.7017878970584 -3.62377882003784
-11.1145408923809 -32.5140784923847 -7.42073231477004
-14.7368706691114 -28.4501801502856 -7.21804220465165
-8.66832227706909 -58.7278179841883 -6.19099539588479
-17.5956314021143 -43.0719233545764 -7.33226892865937
-20.1272187319669 -50.8682723305442 -6.15812467228283
-9.24206212741226 -62.8820667551525 -4.28594931559776
-0.749456620908209 -38.5788931846619 -4.86646157503128
-2.84399748680203 -47.6589708106462 -6.75245861674464
-16.992456606119 -26.727578606936 -3.8020771045496
-5.21412513076618 -64.7242583408151 -4.93375306488365
-17.3153110116215 -61.0063200481867 -3.74712424359079
-3.86570442028535 -40.4288093371269 -3.63867596785227
-4.60567179892926 -33.7220033686212 -7.53642772613688
-2.29517035161035 -40.2291909557278 -4.01326840610827
-18.3090647362374 -25.7635548565839 -4.62918748082341
-20.4900524036304 -43.9022162669414 -6.71074768014856
-19.7491836133211 -28.1064088240914 -4.69637780604155
-13.5879552276046 -34.2316227665654 -7.26268453951235
-1.45783055808446 -38.691537987696 -6.55716372842658
-13.4144622455944 -46.1566638599743 -3.48145223530856
-11.0464636864869 -28.0625206905863 -7.39854183922643
-3.08220496949028 -38.8270471236285 -3.73518337221707
-3.1537662169029 -30.7492297928909 -4.46453206292514
-0.703420067901042 -43.2493241153546 -4.65963240523836
-2.17790291410811 -61.6525120024985 -4.96594083055537
-2.42657518166083 -62.9623235773157 -4.97487865112446
-6.29702462273083 -35.2863028515344 -7.65852831149923
-13.2858130090377 -37.3190333983477 -7.19163914287792
-6.79914402125175 -16.9693316911396 -5.81637483730651
-10.0149116777394 -24.9041149452941 -7.40849748376298
-4.90892156656238 -47.5032706329788 -3.42212829036989
-16.5775812784831 -22.0374387613932 -4.54992184321086
-18.1603527598911 -39.1097718344794 -3.20281225774023
-20.4078366129022 -45.6310795566492 -3.89390973877489
-18.5277836436317 -54.7955169223604 -3.42446843499229
-13.3387828495191 -51.7157094651374 -3.34690279200457
-5.63757540919993 -18.8800491106392 -5.87382250965232
-13.2823089957237 -61.4579522609711 -3.84966489300132
-15.0136144129435 -56.7499452718099 -3.19078468640645
-16.7413871002197 -63.1064748382568 -4.18314339160919
-21.4519750504267 -42.3716160002209 -4.36541600454421
-2.93967787067542 -23.835164423739 -5.34896714499827
-19.3057093900793 -34.6814063577091 -3.78518967534982
-10.8256988525391 -34.0176477294037 -7.28276210591413
-10.9218859100342 -18.5660148111979 -4.82941818237305
-5.97538887508332 -63.4757773384215 -4.17010089329311
-14.0947820414668 -60.3169405287591 -3.75390345808389
-21.1867361968418 -35.8061408996582 -4.20669104468148
-13.7920396537112 -55.4671154356839 -6.29964057186194
-15.911888172752 -25.4313269665367 -4.03297808609511
-9.23868503570557 -30.5342846189226 -4.18579540933881
-14.6176351292928 -36.7256134033203 -3.34945678075155
-13.3035346205517 -30.8134099693709 -3.82847564963884
-13.7850931115346 -43.9531918355863 -7.09527189437657
-5.09200626308635 -22.5506509037341 -6.64621079978296
-6.54417897406079 -50.4704940886725 -7.07499808924539
-14.2306073873471 -15.3061484190134 -6.01027821271847
-21.3058489693536 -48.2105484008789 -4.23963228419975
-6.66055580547878 -32.9560708999634 -4.04309335776738
-11.4749915371202 -54.0804292861729 -3.54294632885554
-4.52083367740407 -65.5360064338235 -4.98406576829798
-4.2570065610549 -28.2592988014221 -4.33925897233626
-13.1137807236777 -21.1547131538391 -7.11765114466349
-15.4559344314947 -62.5294364370951 -5.84700307031957
-13.8426094978086 -47.5322863055814 -3.38544178778125
-6.78276876385292 -42.1781146017353 -3.61879220437468
-3.9979621404889 -54.6547909440665 -6.75335350803945
-20.6249616182767 -32.4830378312331 -4.63348383536706
-3.37218804160754 -46.8945237795512 -3.59021312991778
-7.94432056203802 -53.0556329361936 -6.80531931430736
-1.97043812937207 -30.1187589698368 -4.92084114419089
-10.8242423287753 -25.7592194875081 -4.35556678662355
-6.43792031906746 -29.1617985029478 -7.59448162285057
-20.9052979648113 -51.6843330264091 -5.47232894599438
-7.83166943057891 -20.2083252937563 -6.93880829503459
-8.03517278035482 -15.7656483924252 -5.69399083893875
-19.4632681131363 -32.1618445634842 -6.88537999987602
-16.0292825237397 -19.9186019282187 -6.58282144608036
-5.84079126781887 -42.0820416768392 -7.18236228095161
-21.0225816506606 -49.4197178620559 -5.81795847415924
-14.3153281164641 -29.5843523233244 -3.73140993920883
-10.9194738359162 -14.6273761807066 -5.27942442893982
-8.74448564890269 -24.2671932014259 -7.40192693633002
-22.7082363866991 -40.6466794577978 -5.23848984831123
-10.0182182404303 -62.7931109397642 -5.49317903672495
-11.9533851685063 -36.7690395642352 -3.73947090230962
-22.4165049249476 -36.4452793814919 -4.91219554164193
-15.5494978904724 -52.9967528661092 -6.7590096394221
-9.9370591044426 -39.0059405326843 -3.71777256429195
-14.7399625062943 -20.7210970401764 -6.89824189543724
-7.20628677543841 -18.2451097086856 -6.49484180149279
-15.3535719299316 -26.8434954579671 -3.79902828534444
-19.0325625791388 -43.7201699725652 -7.27825919652389
-2.80758046522373 -55.6413562588575 -6.26059496111986
-21.7874824336318 -48.5020010275919 -5.11082578877934
-19.9319684388208 -53.4485668119837 -6.10184782059466
-16.0778886332656 -22.7156253294511 -6.9251827471184
-16.8663905698862 -20.5846711059115 -5.13228055612365
-21.5782123280463 -31.2164243002918 -5.54736147194265
-19.7124247233073 -63.4433656056722 -4.61102741559347
-10.7621860909969 -37.7904933767116 -3.75542592495046
-10.320118353917 -58.5686142750275 -5.89706279069949
-19.8869354771633 -61.6252203548656 -4.41275983698228
-0.933223711816888 -30.8418212087531 -5.87256887335526
-5.1219889720281 -62.903935341608 -3.83679635751815
-7.06018012529844 -59.5090856675978 -6.39224412843779
-20.1282577133179 -48.2019842529297 -3.75894834041595
-1.55662225850738 -57.1642315930659 -5.02534298849578
-9.58712602641485 -46.6366021665808 -3.52278983756287
-6.26158851698825 -22.6239558270103 -7.06432753487637
-17.0643292119948 -49.0593061932063 -7.08812299017179
-6.87658088857477 -28.6051909706809 -4.32537338950417
-14.8899479660333 -18.7512357375201 -5.14221676658182
-4.40836811620136 -46.6489239626153 -7.18686065008474
-12.1367623011271 -14.8226170615544 -5.40817840515621
-1.77380736080217 -59.5545075969932 -5.06620863337576
-17.5744277552554 -51.672296674628 -3.10599779768994
-18.156403156749 -56.2487410829778 -6.68093389377259
-13.1629794391234 -22.5909563605465 -7.28486520140918
-20.0687736966717 -42.5917904981926 -7.00553109040901
-13.6181446272751 -18.5053752373005 -6.8435095754163
-18.2843729320325 -35.8685148138749 -3.36206103207772
-5.94169360500271 -35.3957524703721 -3.90602220923214
-4.23666153016028 -30.0378703080214 -4.27376730411084
-17.0466310557197 -55.2818933374742 -3.1313032858512
-5.8576961060365 -24.5766052405039 -7.0791683147351
-11.7034197755762 -30.2427166088207 -4.03007469628308
-2.35852041840553 -28.8384390175343 -6.45157608389854
-5.19238696871577 -22.1606415413521 -4.73386867626293
-12.3236544204481 -38.3081830342611 -7.13293567570773
-8.17058659281049 -62.1546001434326 -4.05350265843528
-10.2071954607964 -29.7882271707058 -7.44681271910667
-8.90644606351852 -35.9930153846741 -7.32835431694984
-5.01903275882497 -57.7693228777717 -3.74437418825486
-19.363714379324 -54.5721000349018 -6.32109039602145
-9.04367463929313 -42.3867276963733 -7.09221350579035
-2.42261650827196 -54.2008768717448 -6.10624729556802
-11.4230681367823 -56.7179105604017 -6.19085409190204
0 0 0
-12.297489514222 -47.1540450018805 -3.45943316575643
-3.63275897180712 -45.2876491546631 -3.55302012288893
-22.4258484425752 -42.8097705841064 -5.38269440505816
-2.98307297751307 -33.6066497564316 -4.13925487920642
-12.0581876323337 -34.7505893253145 -7.26462194465456
-7.39123097552529 -54.7133105314231 -6.75990833813631
-5.90045725637012 -51.0085319413079 -3.44395984212557
-9.57692326545715 -24.9627774047852 -4.48078141212463
-14.7581538113681 -49.747299749201 -3.2792030767961
-9.15045543511709 -16.5182823340098 -5.16349550088247
-18.4948417345683 -50.9701611995697 -3.28513699769974
-14.7246202782019 -45.3488208144458 -7.08197190156624
-19.1460007316188 -29.8137036373741 -6.89415074398643
-8.54975538026719 -32.1500083151318 -7.63588065760476
-2.50837699053944 -39.490895036338 -7.00785782717276
-19.2398171182406 -46.1487923961575 -3.50400729906761
-17.4518507003784 -61.0384497960409 -6.19425354798635
-1.87363353322764 -37.9200049853716 -4.25983407849171
-0.237896554260137 -37.2771569329339 -5.82145402238176
-14.3396099069145 -25.4087566418594 -3.98438158999668
-18.6768481091755 -48.6266610680557 -3.38559285024317
-13.5565084966024 -39.4785222371419 -3.42073857625326
-18.5606102683327 -55.1893278642134 -6.59340841986916
-13.3266870369345 -17.552067643505 -5.16781657429065
-9.87068218059754 -50.8651095615344 -3.51955844847004
-13.9992845535278 -33.8233307361603 -3.53702794611454
-6.57110022275876 -26.1057322330964 -7.3984203460889
-19.3160990962276 -44.6887322178593 -3.5170222653283
-11.4379681935386 -43.069577413892 -3.62023879611303
-0.865765045559596 -39.9659540691073 -4.67947100079249
-13.6046699271145 -21.4390255342047 -4.38690009749079
-22.7748698937265 -39.5176977358366 -5.19373216754512
-1.76987119141747 -46.2737272823558 -6.33581532871022
-6.59046736192168 -33.5283633457141 -7.65655913513698
-13.0209308415651 -56.5751714110374 -6.03972088545561
-16.2049555009411 -51.9178928252189 -6.91206856696836
-11.3518385190642 -48.5423997600427 -6.88798322034686
-2.88080606227968 -57.1343539168195 -5.99206989567454
-18.6959729464549 -45.447114692544 -7.20538627876426
-14.9952612324765 -24.0150757839805 -4.0240785021531
-12.2157893334666 -39.6674170340261 -7.06840588969569
-4.07209416561657 -25.6294016043345 -6.60507700178358
-21.9544141614759 -45.837851550128 -5.23028612781215
-16.8848702357366 -31.1277981293507 -7.344988657878
-8.46493196487427 -37.6426670580025 -7.24047058174409
-4.75295064666054 -62.0397271243009 -6.26615045287392
-17.1311361686043 -34.8070996325949 -7.33327335378398
-10.2513491100735 -63.8528964996338 -4.94201244778103
-5.40064922555701 -59.7489808813318 -6.57859671580327
-10.4323056249908 -19.1592967293479 -6.95334174416282
-7.36449616605585 -35.8463596575188 -3.92168211936951
-15.0748556755685 -39.6380862674198 -3.31538638553104
-18.7582569122314 -42.3091941341277 -3.36773467063904
-10.7135357576258 -20.8204498010523 -7.22555584066054
-11.0914643418555 -18.1281318290561 -6.85991795857747
-18.6919990010781 -21.9346653400081 -5.88519134615908
-13.120663125831 -24.3414513461561 -4.21482368262417
-0.610962611369111 -31.919763955203 -5.70065930756656
-6.89842651892399 -38.0430146922236 -7.29198204261669
-5.14820675320095 -49.5840643988715 -7.15547854105631
-10.8486730502202 -55.5387431413699 -3.65690029890109
-2.64448200933861 -36.3620248852354 -7.18643787412932
-3.93466907171976 -24.7017258235386 -4.74189276922317
-3.28028351513307 -61.835469658695 -5.85041100943266
-9.49674078941345 -34.3836458587647 -7.35969357013702
-20.3365985107422 -30.9446697743734 -4.58950451533
-12.8683730363846 -40.6916933059692 -7.10782718062401
-10.9551125095315 -33.1835188669701 -3.9472456174354
-18.4482345581055 -27.2030526024955 -3.95259401117052
-2.52402245757556 -57.2523496993864 -4.12574738203877
-2.36023946955234 -35.7051945456976 -4.11824517612216
-6.46755085462405 -53.6480588559751 -7.00149541431003
-5.6113525390625 -54.6081871032715 -3.64429901440938
-18.554867435509 -53.253073356521 -6.77243166910091
-18.2242567355816 -25.0288460315802 -6.77450629992363
-5.22499264548807 -59.3217361450195 -3.72194051462061
-21.4219975471497 -37.0480333777035 -4.22780030965805
-3.68236297667027 -53.1100706100464 -6.71568403244019
-3.56669482130271 -65.928647334759 -5.25542982266499
-16.3920420606931 -36.21633096536 -7.27754020194213
-6.62382118325484 -27.6330475305256 -7.45272666529605
-10.6445124042568 -59.4982058966338 -3.91437833344758
-11.4705166657766 -62.6834089914958 -5.47141025066376
-21.8293751643254 -37.0724823584923 -5.78835235742422
-19.8295574188232 -49.3697902016018 -3.67176637960517
-19.7373750827931 -52.0720700864439 -6.31721621089511
-18.493571015655 -57.699574517422 -6.40057752171501
-9.88789010577732 -50.9363342285156 -6.78165724012587
-19.3370480648307 -36.1904496037683 -7.1435989668203
-8.40754831114481 -27.8477547889532 -4.31877812119417
-19.1853246803743 -31.7279859795628 -4.05909643403019
-11.0316328441395 -46.1986390282126 -3.5267148754176
-20.3259088637981 -58.2461742644614 -4.78725529224315
-22.5414710339205 -38.412511754919 -5.58975711280917
-0.515977851095352 -34.0562840725513 -5.34968165133862
-3.37238576131708 -30.0169053638683 -7.04341274850509
-12.0851752281189 -16.2208784484863 -6.78629795074463
-7.71675129904263 -41.4378000895182 -7.08460973656696
-6.61627736356523 -31.6802571349674 -4.1360601650344
-10.8239542134603 -44.3522967529297 -7.02066930135091
-15.8552185223426 -38.9529444376628 -7.14240963076368
-18.9853530296913 -30.1313682947403 -4.01049162485661
-7.38547832901413 -25.1828400637652 -7.36379252897727
-7.38803678750992 -45.0802899466621 -3.59683018260532
-16.708142908608 -45.2467415972454 -3.25148720276065
-8.89962793799008 -16.6733153848087 -6.41359163031859
-14.9375099524474 -18.9086147455069 -6.62091309596331
-17.5502201015666 -47.9423201609466 -3.18761715242418
-7.9142756797898 -52.6830662472147 -3.55470963598977
-21.3197490846789 -46.6860335582011 -5.8088941058597
-12.8875360099637 -28.5134328530759 -7.26790661227946
-13.1729857860467 -25.4084030053554 -7.406313706667
